Number of atoms 
13
--
Anisotropy 
95.409
--
Frequencies 
82.922700000000
130.523200000000
170.864200000000
214.519100000000
236.403900000000
269.531600000000
294.378900000000
448.192700000000
455.854400000000
538.631300000000
559.772600000000
608.476100000000
709.394700000000
711.531200000000
818.045600000000
882.629100000000
910.184000000000
951.923400000000
969.152500000000
1061.080500000000
1108.654900000000
1160.202800000000
1259.408200000000
1281.240200000000
1350.029200000000
1444.260700000000
1512.349900000000
1622.409300000000
1648.137800000000
2686.549800000000
3191.332300000000
3202.305100000000
3210.525700000000
--
Displacements 
Mode 0
5.086328672716e-03 3.311555482197e-01 3.183102882638e-03
-3.258284699118e-03 -1.406739285166e-01 4.789744659598e-04
-2.081765355484e-03 -3.518128980612e-01 4.832288361649e-03
-9.375727750672e-04 -3.916590510104e-01 1.519446910003e-03
2.034663778947e-03 -2.410235842565e-01 1.868682806954e-03
1.176519343635e-03 -2.111389695446e-01 4.353313895689e-03
-2.972236554014e-03 -1.506354667539e-01 -3.492358969517e-04
-1.828043973598e-03 -1.904816197031e-01 -3.662077348598e-03
2.972236554014e-03 1.506354667539e-01 3.492358969517e-04
-1.541995828494e-03 -2.004431579404e-01 -4.490287711509e-03
-9.375727750672e-04 -3.916590510104e-01 1.519446910003e-03
1.064764240661e-03 -4.613898186716e-01 -4.278025630378e-03
4.434804042753e-03 -7.046504102806e-02 3.874339429729e-03
Mode 1
8.581444353122e-04 -2.988461471194e-02 -2.484631088734e-03
-5.720962902082e-04 1.992307647463e-02 1.656420725823e-03
8.581444353122e-04 -2.988461471194e-02 -2.484631088734e-03
8.581444353122e-04 -2.988461471194e-02 -2.484631088734e-03
8.581444353122e-04 -2.988461471194e-02 -2.484631088734e-03
5.720962902082e-04 -1.992307647463e-02 -1.656420725823e-03
-8.581444353122e-04 2.988461471194e-02 2.484631088734e-03
2.860481451041e-04 -9.961538237313e-03 -8.282103629115e-04
-2.860481451041e-04 9.961538237313e-03 8.282103629115e-04
3.417141378628e-03 9.837612599613e-01 1.451393891504e-03
4.720852187857e-03 -8.042657926537e-02 3.046129066817e-03
1.430240725520e-03 -4.980769118656e-02 -4.141051814557e-03
-5.292948478065e-03 1.003496557400e-01 -1.389708340994e-03
Mode 2
-2.500035355167e-01 3.626575950009e-03 -9.223891589183e-03
1.430333616875e-01 4.490857481698e-03 -4.614070162230e-03
1.915793751765e-01 5.103002869616e-05 6.555410286881e-02
2.863872138705e-01 -4.395036568684e-03 3.103300476968e-02
2.984806643047e-01 -1.235976813475e-03 -2.786646293874e-03
2.766229034119e-01 1.957270193545e-03 -4.874359856781e-02
1.796342034854e-01 5.912852152453e-04 -6.581187825875e-02
3.495385388628e-01 4.119663897952e-03 -1.703110043979e-01
-1.966270303241e-01 1.133415058044e-03 3.919854992503e-02
-2.941983358819e-01 2.330338433541e-03 3.533297449792e-01
1.671064261631e-01 3.694448755591e-03 1.340216153588e-01
3.200868194028e-01 2.117101122050e-03 8.508787180002e-02
1.456485498081e-01 4.040685761823e-03 -1.190385349262e-01
Mode 3
4.720852187857e-03 -8.042657926537e-02 3.046129066817e-03
-1.462567488739e-03 2.211005077819e-01 -3.525103532777e-03
1.430240725520e-03 -4.980769118656e-02 -4.141051814557e-03
5.292948478065e-03 -1.003496557400e-01 1.389708340994e-03
2.860481451041e-04 -9.961538237313e-03 -8.282103629115e-04
-5.292948478065e-03 1.003496557400e-01 -1.389708340994e-03
-2.066198053491e-04 4.315052039597e-01 1.793394541643e-03
3.178856359363e-03 -2.808697372058e-01 -1.444158644692e-03
-5.720962902082e-04 1.992307647463e-02 1.656420725823e-03
1.064764240661e-03 -4.613898186716e-01 -4.278025630378e-03
2.606760069155e-03 -2.609466607312e-01 2.122620811313e-04
2.606760069155e-03 -2.609466607312e-01 2.122620811313e-04
3.623761183977e-03 5.522560560016e-01 -3.420006501394e-04
Mode 4
2.402392250581e-01 2.725730812220e-03 -7.055271174830e-02
-2.109702266917e-01 -1.007269683310e-03 -6.074988771559e-02
-1.554128602667e-01 2.311621000405e-03 3.926193158869e-02
-5.082097498158e-03 4.599658381508e-03 6.366329733679e-02
2.429022791974e-02 -3.927520373885e-03 5.562876424405e-02
-5.798983345198e-02 -2.584617316850e-03 -1.096836312744e-01
-2.279630535303e-01 7.174305899795e-04 -8.736321604931e-02
1.195429028432e-01 2.724357854010e-03 -4.744492304284e-01
-3.166702304294e-02 -4.399401056813e-03 1.627201429508e-01
2.943466146251e-01 1.368976508218e-03 -5.185153771703e-01
-2.113701112294e-01 1.839740317477e-03 1.463533102955e-01
2.647108915216e-02 1.884531201795e-03 1.072181420341e-01
-2.498208144230e-01 3.910677596999e-03 -1.333201683232e-01
Mode 5
-1.570800005688e-01 7.670876604650e-04 -4.257056318606e-01
1.872970467537e-01 -1.043331591370e-03 -2.849889958165e-01
1.970269148618e-01 -3.980425058831e-03 -2.463017479361e-01
2.222320307994e-02 -2.625043713039e-03 -2.022356011942e-01
-8.267994590945e-02 4.189913057822e-03 4.179080249263e-02
-9.212376587244e-02 -2.834531712030e-03 2.275344249283e-03
9.720586337060e-02 -1.765126669478e-03 -6.593864158607e-02
-1.604605154144e-01 3.496066087145e-03 1.440145843825e-01
5.540908768185e-02 -3.804242580433e-04 2.651974514954e-01
-2.015264067287e-01 6.017175086542e-03 -2.123442947224e-02
2.018574065654e-01 -2.033758497793e-03 -2.680474794529e-01
-1.085684294303e-01 -2.575264977692e-04 -3.966268142866e-01
2.086066443656e-01 -5.088883539361e-03 1.332567866596e-01
Mode 6
-1.716288870624e-03 5.976922942388e-02 4.969262177469e-03
1.176519343635e-03 -2.111389695446e-01 4.353313895689e-03
-4.800280527612e-03 -3.411170864570e-01 -4.011313245549e-03
1.828043973598e-03 1.904816197031e-01 3.662077348598e-03
-7.787160955573e-04 4.514282804343e-01 3.449815267466e-03
1.828043973598e-03 1.904816197031e-01 3.662077348598e-03
2.860481451041e-04 -9.961538237313e-03 -8.282103629115e-04
-3.544332844222e-03 -1.307123902792e-01 1.307184828871e-03
8.581444353122e-04 -2.988461471194e-02 -2.484631088734e-03
-1.176519343635e-03 2.111389695446e-01 -4.353313895689e-03
2.241283584296e-03 -6.725287882162e-01 7.528826531085e-05
1.828043973598e-03 1.904816197031e-01 3.662077348598e-03
1.430240725520e-03 -4.980769118656e-02 -4.141051814557e-03
Mode 7
3.674912054110e-02 -2.002573246946e-04 -2.263834402876e-01
-2.063568984322e-01 4.070508525505e-03 5.113020445908e-04
-1.289073287640e-01 7.809389074325e-04 1.875694290799e-01
1.186637397256e-01 -2.111363675711e-03 1.871215086989e-01
1.576281638496e-01 8.521728050656e-05 5.341680165843e-02
1.212444854957e-01 8.536778991822e-04 3.160768847793e-02
-1.333379359299e-01 -4.012737654392e-03 2.211962585619e-03
5.054415362780e-02 1.088122475687e-03 2.458538275552e-01
-9.729868108097e-03 2.937093467461e-03 -3.868724788044e-02
5.893788127054e-02 5.899122570346e-04 -4.697083969389e-01
-2.335588719588e-01 1.049570735748e-03 3.896782669467e-01
2.200486044674e-01 7.463511159180e-03 3.484578994271e-01
-2.231670041773e-01 6.079310445785e-03 -1.501983030232e-01
Mode 8
-5.720962902082e-04 1.992307647463e-02 1.656420725823e-03
-3.258284699118e-03 -1.406739285166e-01 4.789744659598e-04
-4.116429134430e-03 -1.107893138046e-01 2.963605554694e-03
-2.034663778947e-03 2.410235842565e-01 -1.868682806954e-03
-1.828043973598e-03 -1.904816197031e-01 -3.662077348598e-03
-2.686188408910e-03 -1.605970049912e-01 -1.177446259863e-03
2.686188408910e-03 1.605970049912e-01 1.177446259863e-03
-1.144192580416e-03 3.984615294925e-02 3.312841451646e-03
0.000000000000e+00 0.000000000000e+00 0.000000000000e+00
4.434804042753e-03 -7.046504102806e-02 3.874339429729e-03
1.716288870624e-03 -5.976922942388e-02 -4.969262177469e-03
-2.527331729400e-03 6.824903264535e-01 7.529220976006e-04
2.765616748665e-03 5.821406707135e-01 2.142630438595e-03
Mode 9
2.893799852968e-02 -2.264955459838e-03 1.579793094613e-01
-1.067185680346e-01 1.571108489162e-03 -5.575552757137e-02
-6.790242265369e-02 6.837450362080e-05 -2.427460242077e-02
1.311570746974e-01 -1.799313921288e-03 -5.380134037569e-02
1.725195234980e-01 3.078206962832e-03 -2.189235909031e-01
9.996933023435e-02 1.484016552406e-03 -3.455487385411e-01
7.328107763808e-02 2.730596998388e-03 -3.697599592982e-01
-1.992422184448e-01 1.583586777919e-03 1.536230146890e-01
-1.234505622873e-02 3.387265187336e-03 7.573721688351e-02
6.561823436978e-02 4.365213805003e-03 -1.505828417404e-01
-1.020707974246e-01 3.233673403209e-03 4.659501764585e-02
2.158351607457e-01 -4.612770504210e-04 8.009351165581e-02
-8.637966870083e-02 5.326430839600e-04 -6.399517709378e-01
Mode 10
-2.690541604038e-02 4.377692093760e-03 5.879570051990e-02
-1.575937214991e-01 -3.500430575274e-03 -1.232744620138e-02
-3.197213772155e-01 -1.548897828069e-03 -3.332804252681e-01
-7.458277575293e-02 -3.706927044347e-03 -3.434001576192e-01
-3.137046555671e-02 2.999228826703e-03 -1.676511214314e-01
2.061741773386e-01 -4.354610172496e-03 1.235849746895e-01
-1.383855910775e-01 -2.828292567651e-03 1.069646153795e-01
3.274186628343e-01 -3.500932273313e-03 1.551926631674e-01
2.185776089272e-02 -3.193247007020e-03 4.595695227394e-02
-9.729868108097e-03 2.937093467461e-03 -3.868724788044e-02
-3.003649680508e-01 2.822555121312e-03 -3.791739958784e-01
-2.389034338202e-02 1.080510373098e-03 -2.627319622551e-01
-2.619142648572e-01 7.516178417899e-04 -9.950051725969e-02
Mode 11
5.720962902082e-04 -1.992307647463e-02 -1.656420725823e-03
7.942833975498e-05 4.215436657224e-01 9.651841787319e-04
-2.400140263806e-03 -1.705585432285e-01 -2.005656622775e-03
-5.292948478065e-03 1.003496557400e-01 -1.389708340994e-03
3.830380989326e-03 1.207508520419e-01 -2.135395191783e-03
-2.367813500588e-03 -3.418513598239e-01 5.660498724560e-03
5.292948478065e-03 -1.003496557400e-01 1.389708340994e-03
-4.720852187857e-03 8.042657926537e-02 -3.046129066817e-03
0.000000000000e+00 0.000000000000e+00 0.000000000000e+00
-2.114092118702e-03 -1.805200814658e-01 -2.833866985686e-03
-2.447241840343e-03 -7.633950255462e-01 4.695314545828e-03
2.860481451041e-04 -9.961538237313e-03 -8.282103629115e-04
-3.258284699118e-03 -1.406739285166e-01 4.789744659598e-04
Mode 12
9.912589201709e-03 -2.652991820471e-03 -8.540902885362e-02
7.501710264115e-02 -2.555296251207e-03 1.773863150652e-01
-8.987401993903e-02 -3.852906725886e-03 1.360434329535e-01
-4.686021631261e-01 8.387097785460e-04 1.902926937101e-01
-1.647428438371e-01 2.401704467080e-03 -2.065285143028e-01
1.068668467777e-01 2.128206452597e-03 -1.094301046197e-01
3.034938771018e-01 9.947913945527e-04 -1.486286545448e-01
1.503307627685e-01 2.288037381102e-03 2.440136574810e-02
-4.830491703551e-03 -1.946666561037e-03 2.174573151683e-02
5.082097498158e-03 -4.599658381508e-03 -6.366329733679e-02
6.586984016439e-02 -2.181111137542e-03 -1.925004075604e-01
-4.151912155831e-01 -5.069664408187e-03 2.798044906813e-01
2.139508569995e-01 1.125301257416e-03 -3.018671305165e-01
Mode 13
0.000000000000e+00 0.000000000000e+00 0.000000000000e+00
2.686188408910e-03 1.605970049912e-01 1.177446259863e-03
-3.258284699118e-03 -1.406739285166e-01 4.789744659598e-04
3.544332844222e-03 1.307123902792e-01 -1.307184828871e-03
2.892808214259e-03 -2.709081989685e-01 -6.159482817802e-04
-3.750952649571e-03 3.007928136804e-01 3.100579370515e-03
5.006900332961e-03 -9.038811750268e-02 2.217918703906e-03
8.581444353122e-04 -2.988461471194e-02 -2.484631088734e-03
0.000000000000e+00 0.000000000000e+00 0.000000000000e+00
-5.720962902082e-04 1.992307647463e-02 1.656420725823e-03
2.892808214259e-03 -2.709081989685e-01 -6.159482817802e-04
1.223620920171e-03 3.816975127731e-01 -2.347657272914e-03
4.243620600024e-03 -7.422595558774e-01 -5.722184275070e-03
Mode 14
2.860481451041e-04 -9.961538237313e-03 -8.282103629115e-04
-4.434804042753e-03 7.046504102806e-02 -3.874339429729e-03
-3.830380989326e-03 -1.207508520419e-01 2.135395191783e-03
5.006900332961e-03 -9.038811750268e-02 2.217918703906e-03
-1.716288870624e-03 5.976922942388e-02 4.969262177469e-03
2.860481451041e-04 -9.961538237313e-03 -8.282103629115e-04
0.000000000000e+00 0.000000000000e+00 0.000000000000e+00
0.000000000000e+00 0.000000000000e+00 0.000000000000e+00
0.000000000000e+00 0.000000000000e+00 0.000000000000e+00
-2.860481451041e-04 9.961538237313e-03 8.282103629115e-04
2.161193695239e-03 7.733565637835e-01 -3.867104182917e-03
2.193520458457e-03 6.020637471882e-01 3.799051164418e-03
2.860481451041e-04 -9.961538237313e-03 -8.282103629115e-04
Mode 15
0.000000000000e+00 0.000000000000e+00 0.000000000000e+00
-1.716288870624e-03 5.976922942388e-02 4.969262177469e-03
5.720962902082e-04 -1.992307647463e-02 -1.656420725823e-03
-5.720962902082e-04 1.992307647463e-02 1.656420725823e-03
5.720962902082e-04 -1.992307647463e-02 -1.656420725823e-03
-5.006900332961e-03 9.038811750268e-02 -2.217918703906e-03
-2.114092118702e-03 -1.805200814658e-01 -2.833866985686e-03
5.720962902082e-04 -1.992307647463e-02 -1.656420725823e-03
0.000000000000e+00 0.000000000000e+00 0.000000000000e+00
1.144192580416e-03 -3.984615294925e-02 -3.312841451646e-03
-1.430240725520e-03 4.980769118656e-02 4.141051814557e-03
5.006900332961e-03 -9.038811750268e-02 2.217918703906e-03
3.703189523732e-03 9.737997217239e-01 6.231835285925e-04
Mode 16
-2.447294901336e-02 3.643418726894e-03 6.846751249001e-02
-5.050971127730e-02 -4.503335770455e-03 -2.047644720981e-01
2.133682513682e-01 3.688209611212e-03 2.933234422865e-02
-8.267994590945e-02 4.189913057822e-03 4.179080249263e-02
-8.990846228953e-02 -4.376934311179e-04 9.495407749640e-02
-3.395121132685e-02 3.418725181040e-05 -1.213730121038e-02
-8.950857775181e-02 -3.284703431905e-03 -1.121491205147e-01
1.212789278462e-01 -2.561535395586e-03 7.269704393498e-02
-2.432467027024e-03 7.342733668653e-04 -9.671811970109e-03
6.681788798295e-02 -4.175816197357e-03 -7.718924357737e-01
2.085377596646e-01 1.741543050175e-03 5.107807574548e-02
-2.981496644679e-01 5.219393402224e-03 -2.864952626313e-01
-9.437351180586e-02 -1.816156698174e-03 -1.314927444549e-01
Mode 17
-2.908627727280e-02 -1.434359481920e-03 7.206322729834e-03
-2.171634441095e-04 3.131111647777e-03 8.300692127701e-02
-4.607910411147e-02 2.903407913690e-04 -1.940700560388e-02
4.361219473395e-02 3.859145870264e-03 -3.135416182328e-02
9.695425757599e-03 4.781198273067e-04 -2.402107576611e-03
7.297401081073e-03 -2.202820100596e-03 2.901543591033e-02
1.042861010076e-01 -8.368351222965e-04 4.608371560126e-02
-3.881614538090e-02 1.502733985541e-03 -3.148092515060e-02
0.000000000000e+00 0.000000000000e+00 0.000000000000e+00
7.179665842962e-02 1.470165305438e-03 -9.588237994816e-01
-1.674122104407e-02 -4.821624669256e-03 -6.853089415368e-02
8.972574119592e-02 1.535917841274e-04 2.914219923766e-02
1.549785333785e-01 3.950602295149e-03 1.267519109653e-01
Mode 18
0.000000000000e+00 0.000000000000e+00 0.000000000000e+00
2.860481451041e-04 -9.961538237313e-03 -8.282103629115e-04
4.116429134430e-03 1.107893138046e-01 -2.963605554694e-03
-3.544332844222e-03 -1.307123902792e-01 1.307184828871e-03
-5.720962902082e-04 1.992307647463e-02 1.656420725823e-03
-5.720962902082e-04 1.992307647463e-02 1.656420725823e-03
5.720962902082e-04 -1.992307647463e-02 -1.656420725823e-03
0.000000000000e+00 0.000000000000e+00 0.000000000000e+00
0.000000000000e+00 0.000000000000e+00 0.000000000000e+00
2.860481451041e-04 -9.961538237313e-03 -8.282103629115e-04
-2.193520458457e-03 -6.020637471882e-01 -3.799051164418e-03
2.161193695239e-03 7.733565637835e-01 -3.867104182917e-03
-5.292948478065e-03 1.003496557400e-01 -1.389708340994e-03
Mode 19
-1.456035981165e-02 9.904269064238e-04 -1.694151636361e-02
1.677566339456e-02 1.406411374488e-03 1.096202496107e-01
2.934330091570e-01 -5.153172673504e-05 1.019660065000e-01
-5.334206284205e-02 -9.220524028030e-04 -7.333086057162e-03
4.924245551294e-02 1.117924297279e-04 -4.673062893622e-01
1.236425101723e-01 3.534617827085e-03 1.901449909924e-04
-2.843201890307e-01 3.092559907838e-03 2.268313606686e-01
-7.033488968072e-02 8.026478704861e-04 -3.394641439088e-02
4.864934054048e-03 -1.468546733731e-03 1.934362394022e-02
1.757543247001e-02 -4.287608627085e-03 -3.045861464114e-01
4.613392043955e-01 -2.051102972718e-03 -1.782187741633e-01
3.373404788274e-02 3.096924395967e-03 9.514422248739e-02
-4.053819534329e-01 2.522983655646e-03 7.112739545656e-02
Mode 20
2.398024676527e-03 2.680939927903e-03 -3.141754348694e-02
-1.009531029532e-02 2.368890173480e-03 2.095053055877e-01
4.607910411147e-02 -2.903407913690e-04 1.940700560388e-02
3.173590774393e-02 -2.431025532722e-03 -8.054143203673e-02
-2.687097368988e-02 9.624787989919e-04 9.988505597695e-02
1.212789278462e-02 -2.561535395586e-04 7.269704393498e-03
-9.729868108097e-03 2.937093467461e-03 -3.868724788044e-02
-1.212789278462e-02 2.561535395586e-04 -7.269704393498e-03
0.000000000000e+00 0.000000000000e+00 0.000000000000e+00
-7.262958730575e-03 -1.212393194172e-03 1.207391954672e-02
9.237537166705e-02 -3.711793230515e-03 -4.419291006924e-02
-2.250168655730e-01 4.250675458854e-03 -4.910695897384e-01
-4.064320457531e-01 -4.999671332858e-03 -6.839502872808e-01
Mode 21
0.000000000000e+00 0.000000000000e+00 0.000000000000e+00
2.182331854222e-02 2.219662877482e-04 4.867596816887e-03
-2.215303582915e-03 -2.396838280912e-03 -9.267873324712e-02
-3.173590774393e-02 2.431025532722e-03 8.054143203673e-02
5.312489939794e-02 4.053164050580e-03 9.034000733417e-02
9.695425757599e-03 4.781198273067e-04 -2.402107576611e-03
-4.364663708445e-02 -4.439325754963e-04 -9.735193633774e-03
-9.695425757599e-03 -4.781198273067e-04 2.402107576611e-03
0.000000000000e+00 0.000000000000e+00 0.000000000000e+00
2.398024676527e-03 2.680939927903e-03 -3.141754348694e-02
3.262308011121e-01 2.637265917254e-03 -7.642424413982e-01
1.789033191110e-01 -5.451213727169e-04 4.305732286775e-01
-1.598779097830e-01 9.331577333493e-04 -1.871848903626e-01
Mode 22
0.000000000000e+00 0.000000000000e+00 0.000000000000e+00
-5.574008751857e-02 -3.602992330706e-03 2.408445742978e-02
-2.908627727280e-02 -1.434359481920e-03 7.206322729834e-03
-4.361219473395e-02 -3.859145870264e-03 3.135416182328e-02
1.236769525228e-01 1.194045323170e-04 4.127950044804e-02
7.538254482838e-02 -1.987092957226e-03 -7.080623840296e-02
-2.665381024577e-02 -2.168632848785e-03 1.687813469994e-02
-1.939085151520e-02 -9.562396546134e-04 4.804215153223e-03
0.000000000000e+00 0.000000000000e+00 0.000000000000e+00
-7.228516380078e-03 -4.627606488940e-03 5.316327500377e-02
1.290900498576e-01 -4.968372604420e-04 -3.116657058139e-01
-4.551263379852e-01 -4.259158821614e-03 -5.889328281207e-01
2.541031428458e-01 -2.816315976934e-03 4.838632670086e-01
Mode 23
4.830491703551e-03 1.946666561037e-03 -2.174573151683e-02
-1.289073287640e-01 7.809389074325e-04 1.875694290799e-01
6.790242265369e-02 -6.837450362080e-05 2.427460242077e-02
1.529803932397e-01 -1.577347633540e-03 -4.893374355880e-02
-1.503307627685e-01 -2.288037381102e-03 -2.440136574810e-02
-1.962271457864e-01 -1.713594942743e-03 -1.679046480860e-01
-2.672269494677e-02 4.661793740750e-03 -6.530057621415e-02
1.188464608192e-01 -1.827262028720e-03 6.302523196487e-02
0.000000000000e+00 0.000000000000e+00 0.000000000000e+00
-1.714110558179e-02 -1.974614668469e-03 1.385723038574e-01
2.893334018279e-01 -8.617916998102e-04 -3.726733689194e-01
3.055953442921e-01 -3.722898561061e-03 1.503250663505e-01
3.363143195165e-01 2.671207555567e-03 5.669969516129e-01
Mode 24
9.695425757599e-03 4.781198273067e-04 -2.402107576611e-03
-4.076316993663e-01 3.541358669502e-03 -6.264069324761e-02
1.727366869421e-01 -5.290468494568e-05 -3.019305121801e-01
1.499653205813e-01 1.719834087121e-03 2.725939192162e-01
-3.614837105538e-01 -3.579408711403e-03 3.894502327037e-02
3.398431131052e-01 3.641544070645e-03 -1.679088968213e-01
2.396910617772e-01 1.873425871249e-03 3.017361184539e-01
-8.489524949237e-02 1.793074776910e-03 -5.088793075449e-02
0.000000000000e+00 0.000000000000e+00 0.000000000000e+00
-2.945171946002e-02 -2.002562775901e-03 2.553988761980e-01
-7.556526592199e-02 1.702991310236e-03 1.949025151370e-01
-6.550439797717e-02 2.749314431523e-03 -5.569214590771e-02
-6.993500514300e-02 -2.044362130301e-03 -2.410496124019e-01
Mode 25
-9.695425757599e-03 -4.781198273067e-04 2.402107576611e-03
2.061741773386e-01 -4.354610172496e-03 1.235849746895e-01
1.735826902590e-02 -1.156496979308e-03 -2.215792251344e-01
-6.808514374731e-02 -2.157271433697e-04 9.982167431329e-02
6.067390627362e-02 -4.695980992561e-03 7.743787742454e-02
-7.240191452052e-02 2.105124531332e-03 -2.918107798291e-01
-1.286901653199e-01 -2.350172740345e-03 1.045625078028e-01
5.094403816552e-02 -1.758887525100e-03 3.875062954410e-02
0.000000000000e+00 0.000000000000e+00 0.000000000000e+00
1.739271137639e-02 -4.571710274076e-03 -1.804898696774e-01
-4.402467702278e-01 1.136662672504e-03 6.794714779165e-01
-8.504352823548e-02 -1.906240164848e-03 1.142977014366e-01
-1.868971622160e-01 -1.803678409417e-03 7.788579780547e-02
Mode 26
7.262958730575e-03 1.212393194172e-03 -1.207391954672e-02
-8.747599526250e-02 -1.171966797983e-03 1.046258894665e-01
1.408869428055e-01 -4.736407388749e-03 -1.511409249525e-02
-1.720058025676e-01 1.189311272908e-03 -1.944545947561e-01
7.114679987460e-03 -2.486921747586e-03 1.531117126444e-01
2.133682513682e-01 3.688209611212e-03 2.933234422865e-02
-6.285476750603e-02 -1.116070583119e-03 -1.290272552146e-01
-5.577452986907e-02 -1.877790359378e-04 -1.700489802727e-02
0.000000000000e+00 0.000000000000e+00 0.000000000000e+00
3.444235049729e-05 -3.415213294768e-03 4.108935545705e-02
-4.659282504181e-02 -3.977177444370e-03 3.939711800553e-01
3.023631081896e-01 2.705394807377e-03 5.548596504025e-01
2.685946179564e-01 3.023683706178e-03 4.186260724581e-01
Mode 27
-9.695425757599e-03 -4.781198273067e-04 2.402107576611e-03
3.738632091330e-01 -3.223069770701e-03 -7.359288469683e-02
-2.358086178922e-01 2.067945749604e-03 2.559101782425e-01
1.869316045665e-01 -1.611534885351e-03 -3.679644234842e-02
-4.077799781094e-01 -1.579562722563e-04 1.025449389435e-01
3.667829714961e-01 -4.151361317883e-03 -1.856152418842e-01
-2.206312100988e-01 -4.900602805384e-03 -1.725842468193e-02
-4.364663708445e-02 -4.439325754963e-04 -9.735193633774e-03
0.000000000000e+00 0.000000000000e+00 0.000000000000e+00
1.227617152774e-02 3.443161402200e-03 -1.579159277976e-01
6.841614358403e-02 4.199143732119e-03 -3.891035832385e-01
1.483326226297e-01 -3.239912547587e-03 -1.512842887760e-01
-5.395911082388e-02 5.056069245761e-03 2.827770332309e-01
Mode 28
0.000000000000e+00 0.000000000000e+00 0.000000000000e+00
9.440795415635e-02 -1.599056596594e-03 1.725820999119e-01
2.215431837895e-02 4.205382876497e-03 -2.844143121083e-01
1.499997629318e-01 -1.695379207647e-03 3.136832746733e-01
-1.089338716175e-01 -8.257297917503e-04 -1.484342608185e-01
6.971784169889e-02 5.175473778078e-03 3.240565336790e-01
-1.643085169489e-01 -3.860518828475e-03 -3.725423568568e-01
-2.668825259627e-02 1.246580445982e-03 -2.421122075711e-02
0.000000000000e+00 0.000000000000e+00 0.000000000000e+00
4.830491703551e-03 1.946666561037e-03 -2.174573151683e-02
-2.210310946365e-01 -2.053592804597e-03 1.898447733291e-01
-2.323936606962e-01 -4.076245971845e-03 -2.727206825435e-01
3.003649680508e-01 -2.822555121312e-03 3.791739958784e-01
Mode 29
3.151874429982e-02 7.000861150549e-04 2.465489240275e-03
0.000000000000e+00 0.000000000000e+00 0.000000000000e+00
0.000000000000e+00 0.000000000000e+00 0.000000000000e+00
0.000000000000e+00 0.000000000000e+00 0.000000000000e+00
0.000000000000e+00 0.000000000000e+00 0.000000000000e+00
0.000000000000e+00 0.000000000000e+00 0.000000000000e+00
0.000000000000e+00 0.000000000000e+00 0.000000000000e+00
0.000000000000e+00 0.000000000000e+00 0.000000000000e+00
0.000000000000e+00 0.000000000000e+00 0.000000000000e+00
-9.970784634504e-01 6.793805480791e-04 -1.110588860265e-01
0.000000000000e+00 0.000000000000e+00 0.000000000000e+00
0.000000000000e+00 0.000000000000e+00 0.000000000000e+00
0.000000000000e+00 0.000000000000e+00 0.000000000000e+00
Mode 30
0.000000000000e+00 0.000000000000e+00 0.000000000000e+00
0.000000000000e+00 0.000000000000e+00 0.000000000000e+00
7.033488968072e-02 -8.026478704861e-04 3.394641439088e-02
-2.665381024577e-02 -2.168632848785e-03 1.687813469994e-02
0.000000000000e+00 0.000000000000e+00 0.000000000000e+00
0.000000000000e+00 0.000000000000e+00 0.000000000000e+00
0.000000000000e+00 0.000000000000e+00 0.000000000000e+00
0.000000000000e+00 0.000000000000e+00 0.000000000000e+00
0.000000000000e+00 0.000000000000e+00 0.000000000000e+00
0.000000000000e+00 0.000000000000e+00 0.000000000000e+00
-8.219093094813e-01 -1.077975037319e-04 -4.033175862366e-01
3.207038673846e-01 -3.861020526514e-03 -2.050222474881e-01
9.695425757599e-03 4.781198273067e-04 -2.402107576611e-03
Mode 31
0.000000000000e+00 0.000000000000e+00 0.000000000000e+00
0.000000000000e+00 0.000000000000e+00 0.000000000000e+00
0.000000000000e+00 0.000000000000e+00 0.000000000000e+00
9.695425757599e-03 4.781198273067e-04 -2.402107576611e-03
0.000000000000e+00 0.000000000000e+00 0.000000000000e+00
0.000000000000e+00 0.000000000000e+00 0.000000000000e+00
7.055205312483e-02 -3.933759518263e-03 -4.906050688613e-02
0.000000000000e+00 0.000000000000e+00 0.000000000000e+00
0.000000000000e+00 0.000000000000e+00 0.000000000000e+00
0.000000000000e+00 0.000000000000e+00 0.000000000000e+00
-3.638367835387e-02 7.684606186757e-04 -2.180911318049e-02
-8.024747888243e-02 3.455639690957e-03 5.146261446274e-02
-8.525262402040e-01 3.015456427959e-03 5.144802394516e-01
Mode 32
0.000000000000e+00 0.000000000000e+00 0.000000000000e+00
0.000000000000e+00 0.000000000000e+00 0.000000000000e+00
2.668825259627e-02 -1.246580445982e-03 2.421122075711e-02
7.055205312483e-02 -3.933759518263e-03 -4.906050688613e-02
0.000000000000e+00 0.000000000000e+00 0.000000000000e+00
0.000000000000e+00 0.000000000000e+00 0.000000000000e+00
-9.695425757599e-03 -4.781198273067e-04 2.402107576611e-03
0.000000000000e+00 0.000000000000e+00 0.000000000000e+00
0.000000000000e+00 0.000000000000e+00 0.000000000000e+00
0.000000000000e+00 0.000000000000e+00 0.000000000000e+00
-3.419790226460e-01 4.491359179737e-03 -1.721341795310e-01
-7.649813602405e-01 -2.643003363593e-03 4.920330608992e-01
8.994290464003e-02 -2.977519863650e-03 -5.386472203935e-02
--
Dipole derivatives 
Mode 0
2.110485445833e-02 -2.857770672280e-03 -2.359969929062e-03
Mode 1
-1.324779035559e-01 2.271279337532e-02 5.491899521035e-03
Mode 2
2.470630911758e-03 1.398846961281e-02 1.050385012150e-02
Mode 3
1.772022344620e-02 -7.737398599890e-03 2.394954768117e-03
Mode 4
-2.308130682571e-03 -1.601446351355e-02 1.418406203313e-02
Mode 5
-7.091304858351e-04 -3.451674093083e-03 -8.203564384817e-03
Mode 6
8.436768922188e-04 4.673194786984e-03 -1.418650020964e-03
Mode 7
1.028412492925e-03 8.202522082003e-03 1.462755918134e-02
Mode 8
-6.417828860214e-02 5.859988400173e-03 2.818232664087e-03
Mode 9
-1.932716849130e-02 -9.990872654387e-02 -5.441997890590e-02
Mode 10
-1.456212291444e-02 -8.784603751579e-02 2.791176548729e-02
Mode 11
9.226729589622e-02 -1.423617274757e-02 -3.713108737055e-03
Mode 12
-7.539924198725e-03 -4.832121760572e-02 1.612340476579e-02
Mode 13
-1.275285911727e-03 -6.429011514867e-04 2.084450372357e-03
Mode 14
-1.391931890186e-01 2.381206699320e-02 2.766255828307e-03
Mode 15
-1.296273530540e-01 2.455976256799e-02 9.897587494101e-03
Mode 16
-2.746395988278e-02 -1.808694380210e-01 1.139378054142e-01
Mode 17
1.484518685385e-02 7.578827225536e-02 3.693100248627e-02
Mode 18
-2.222950288830e-02 6.437459820538e-03 1.557593428089e-03
Mode 19
-2.050654053294e-02 -1.053925625633e-01 -6.996269700402e-02
Mode 20
3.925741393374e-02 2.099292972983e-01 5.130470298078e-02
Mode 21
1.951606064551e-02 1.236926541561e-01 -3.982172975053e-02
Mode 22
4.063587364445e-03 2.659025854304e-02 -4.063818204609e-02
Mode 23
6.848697245789e-03 9.196907653224e-03 1.419324121304e-01
Mode 24
6.742081584399e-03 6.168300966108e-02 -1.168443449212e-01
Mode 25
7.944326805302e-03 1.371228386597e-02 1.797390558810e-01
Mode 26
4.841838600195e-02 3.121117032995e-01 -1.477113067558e-01
Mode 27
2.207032918595e-03 5.134892085701e-02 -1.863835118744e-01
Mode 28
3.660084440800e-02 2.235729295512e-01 -6.030333752383e-02
Mode 29
1.546123076931e-03 1.467744803375e-02 -2.848407508407e-02
Mode 30
7.858439209895e-03 4.896933220898e-02 -2.347032799690e-02
Mode 31
1.516412008712e-03 1.597476884627e-02 1.877849978730e-03
Mode 32
1.325221483175e-03 1.332946341727e-02 -2.286661609226e-02
--
Polarizability derivatives 
Mode 0
1.026751696567e-01 1.318098107441e-01 8.062612892379e-01
1.318098107441e-01 -3.687280216002e-02 -1.563943452776e-01
8.062612892379e-01 -1.563943452776e-01 -3.788995948796e-02
Mode 1
4.265458285029e-01 1.438425587978e+00 -1.165393493917e+00
1.438425587978e+00 -6.103544669537e-01 1.910961318554e-01
-1.165393493917e+00 1.910961318554e-01 -4.020339828131e-02
Mode 2
-7.267671711844e-03 -2.813130262073e-02 3.098709667626e-02
-2.813130262073e-02 -2.316657663808e-01 9.483046209689e-02
3.098709667626e-02 9.483046209689e-02 1.728695530591e-01
Mode 3
-3.518318755938e-02 -3.528292714043e-01 1.316926599430e+00
-3.528292714043e-01 1.011542312248e-01 -2.136285989382e-01
1.316926599430e+00 -2.136285989382e-01 -7.576167689857e-02
Mode 4
9.576687830156e-02 1.676828653918e-01 1.322515698986e-01
1.676828653918e-01 7.867142196458e-01 7.051116538144e-01
1.322515698986e-01 7.051116538144e-01 3.998691531698e-01
Mode 5
1.863438705883e-01 3.720119379674e-01 2.736979746293e-02
3.720119379674e-01 2.236944947860e+00 1.925951957286e-01
2.736979746293e-02 1.925951957286e-01 -6.949728950894e-04
Mode 6
-2.322508200909e-01 -6.928605639139e-01 1.842178262039e-01
-6.928605639139e-01 1.707929982374e-01 -3.516630348642e-02
1.842178262039e-01 -3.516630348642e-02 -1.196327705629e-02
Mode 7
5.006307119089e-02 1.992613297770e-01 4.397213812822e-02
1.992613297770e-01 1.141404032991e+00 2.205367472957e-01
4.397213812822e-02 2.205367472957e-01 2.769900068208e-01
Mode 8
2.060182560677e-02 8.554790545117e-02 -1.089993057701e-01
8.554790545117e-02 -9.214889736293e-04 4.516232163204e-02
-1.089993057701e-01 4.516232163204e-02 -9.162341255218e-03
Mode 9
3.327631325885e-02 7.295462988926e-02 5.924134614082e-02
7.295462988926e-02 4.304871166038e-01 4.305514104129e-01
5.924134614082e-02 4.305514104129e-01 -3.572471457531e-01
Mode 10
4.065315157860e-02 2.990389517728e-01 -2.146782531265e-01
2.990389517728e-01 1.898640083841e+00 -1.321482212689e+00
-2.146782531265e-01 -1.321482212689e+00 4.595000233021e-01
Mode 11
5.931461011795e-02 1.580873864773e-01 4.166149465386e-02
1.580873864773e-01 -7.084821007071e-02 -2.230266089397e-02
4.166149465386e-02 -2.230266089397e-02 -1.696511335496e-02
Mode 12
1.100604103460e-01 2.602153610095e-01 2.104749849939e-01
2.602153610095e-01 1.510617399209e+00 6.029814362166e-01
2.104749849939e-01 6.029814362166e-01 2.966968464103e+00
Mode 13
5.817927667671e-02 1.698960878453e-01 -2.861146662237e-02
1.698960878453e-01 -9.178450390991e-02 3.444838266237e-03
-2.861146662237e-02 3.444838266237e-03 9.563581944129e-03
Mode 14
2.543615683873e-02 2.392789100795e-01 -8.901659141294e-01
2.392789100795e-01 6.857772335623e-02 1.960243367101e-01
-8.901659141294e-01 1.960243367101e-01 8.053305052973e-02
Mode 15
2.061925978093e-01 3.820079726251e-01 1.003849992391e+00
3.820079726251e-01 -3.588517356453e-01 -2.241499910475e-01
1.003849992391e+00 -2.241499910475e-01 -9.289113586230e-02
Mode 16
1.952728899910e-01 4.951849390366e-01 -6.223964370087e-02
4.951849390366e-01 3.014360889418e+00 -2.399583860612e-01
-6.223964370087e-02 -2.399583860612e-01 -8.225861298080e-02
Mode 17
4.543260702027e-02 3.541664077738e-01 -3.180833660180e-01
3.541664077738e-01 2.329850572402e+00 -1.645565070175e+00
-3.180833660180e-01 -1.645565070175e+00 -7.047543794081e-01
Mode 18
-2.252026303161e-01 -6.040917865211e-01 -1.765007422974e-01
-6.040917865211e-01 1.874749006945e-01 4.927353111388e-03
-1.765007422974e-01 4.927353111388e-03 -3.191616740490e-02
Mode 19
-4.321497769923e-01 -6.514177640365e-01 -1.493783745095e-01
-6.514177640365e-01 -4.007638806809e+00 -4.060401461998e-01
-1.493783745095e-01 -4.060401461998e-01 -3.099975387328e+00
Mode 20
-2.887497797484e-01 -4.744920644305e-01 -7.721335277487e-02
-4.744920644305e-01 -2.928810196990e+00 -2.884906651941e-01
-7.721335277487e-02 -2.884906651941e-01 -1.378950016575e+00
Mode 21
7.216775200527e-02 -7.312546770062e-04 -1.439927737465e-02
-7.312546770062e-04 5.835800714929e-02 1.498061983372e-01
-1.439927737465e-02 1.498061983372e-01 -9.173664556126e-01
Mode 22
1.002025257104e-01 3.639326357283e-01 1.272506758535e-02
3.639326357283e-01 2.256391932864e+00 -1.376784993741e-01
1.272506758535e-02 -1.376784993741e-01 9.319689269238e-01
Mode 23
-3.497656189620e-01 -6.242066508833e-01 -1.523110607636e-01
-6.242066508833e-01 -3.771227574357e+00 -6.661825961762e-01
-1.523110607636e-01 -6.661825961762e-01 -1.803072379794e+00
Mode 24
8.578737100226e-02 2.218212110254e-01 1.711684669885e-01
2.218212110254e-01 1.132780070527e+00 8.533935713164e-01
1.711684669885e-01 8.533935713164e-01 6.010006403771e-01
Mode 25
-1.091116220842e-01 -8.376253920681e-02 -2.551430151720e-02
-8.376253920681e-02 -5.070822826178e-01 -1.838512896396e-01
-2.551430151720e-02 -1.838512896396e-01 -3.757032236462e-02
Mode 26
1.274659060496e-01 1.365403145912e-01 1.582191756629e-01
1.365403145912e-01 7.686872249951e-01 7.105960006666e-01
1.582191756629e-01 7.105960006666e-01 6.114168025861e-01
Mode 27
1.332421340660e-01 6.316388477835e-01 -2.543206883720e-02
6.316388477835e-01 3.644021462390e+00 6.539346305907e-02
-2.543206883720e-02 6.539346305907e-02 -7.958585399658e-01
Mode 28
-2.279900389700e-01 -1.680211277994e+00 -4.727160491102e-01
-1.680211277994e+00 -9.032676567855e+00 -3.063132587521e+00
-4.727160491102e-01 -3.063132587521e+00 1.779850278637e+00
Mode 29
-2.264349625498e-02 1.046171061771e+00 -5.935469785446e-01
1.046171061771e+00 6.731757573953e+00 -4.640767959520e+00
-5.935469785446e-01 -4.640767959520e+00 6.050142862383e+00
Mode 30
2.512151249587e-01 4.822543336517e-01 -7.293884275482e-01
4.822543336517e-01 3.861723168618e+00 -4.583846473512e+00
-7.293884275482e-01 -4.583846473512e+00 1.750243907300e+00
Mode 31
-3.175985551200e-01 -1.878632962690e-01 -6.405915575682e-01
-1.878632962690e-01 -9.594375656723e-01 -2.113726797717e+00
-6.405915575682e-01 -2.113726797717e+00 -8.213366116946e+00
Mode 32
6.401939063694e-01 4.193446244674e-01 4.569669826561e-01
4.193446244674e-01 2.857406879666e+00 6.046037812434e-01
4.569669826561e-01 6.046037812434e-01 1.095644791370e+01
--
