Number of atoms 
13
--
Anisotropy 
24.987
--
Frequencies 
59.213600000000
207.076000000000
223.836200000000
253.435500000000
272.383100000000
341.084700000000
410.144600000000
424.593800000000
535.961400000000
636.281700000000
718.858700000000
780.243700000000
812.909800000000
878.034000000000
942.467400000000
959.016900000000
986.042100000000
1048.598500000000
1110.218800000000
1138.006700000000
1151.444800000000
1211.098500000000
1260.801900000000
1296.560300000000
1353.376100000000
1413.707000000000
1432.469200000000
2665.789500000000
3087.772600000000
3094.013000000000
3113.368500000000
3181.052800000000
3182.291900000000
--
Displacements 
Mode 0
-1.111903844731e-01 1.622424273517e-01 -3.754086803215e-03
7.241867900661e-02 -9.728414501540e-02 -9.556676177436e-03
1.022421484627e-01 -1.879307149447e-01 -9.554365210781e-02
2.309643660438e-02 -3.750182812269e-02 1.265573007123e-02
-1.101645610764e-01 1.447136063468e-01 -1.523868157714e-01
2.245420071710e-02 -1.279339365271e-02 3.003866474213e-01
1.276891124147e-01 -1.625435376353e-01 -9.836202998991e-02
-1.229785834212e-01 2.538004981738e-01 1.468386023716e-01
1.161763179124e-01 -1.444097727159e-01 1.739220535196e-01
-1.047035749223e-02 -3.363560534166e-01 -1.084203714436e-01
2.435169857530e-01 -2.047888634810e-01 -2.136843444053e-01
2.910791801462e-01 -1.245516832799e-01 -1.259356545127e-01
7.662343561683e-02 -2.997027209799e-01 -1.982602535849e-01
Mode 1
-2.340698398543e-02 1.582073690120e-03 1.579905514722e-02
4.661160365354e-02 4.152001755481e-02 1.426346897123e-02
4.859749208826e-02 2.818730887051e-02 1.854074921274e-02
4.858801778999e-03 6.270835919620e-03 -6.088403907561e-03
-1.771524882874e-02 4.872032141460e-04 -1.363571017454e-02
-4.258573525224e-02 -2.788347523960e-02 2.994488535409e-03
4.143278019522e-02 3.385047752831e-02 -3.061813019112e-02
-6.793315188968e-02 -9.688399994910e-01 9.764293246616e-02
4.232927940305e-02 3.226568049084e-02 3.416369370664e-02
4.117632434603e-02 3.823268277955e-02 6.540052050931e-03
4.003284358728e-02 9.678634742569e-03 5.834119868357e-02
7.455736773865e-02 4.481007567743e-02 -5.859399315346e-02
2.852224161362e-02 3.065569782594e-04 -5.904564129683e-02
Mode 2
-1.346654618006e-01 -8.236946231225e-02 -7.733359603968e-02
2.137075181070e-01 9.174971011860e-02 -4.702220111485e-02
1.785524248953e-01 1.929981064428e-02 4.739777287072e-02
3.192935023604e-03 2.100224871081e-02 4.060431892083e-02
-1.835004611415e-01 -1.752166665829e-01 1.001334135663e-01
4.059984681752e-02 4.121618392390e-02 -7.271768776924e-03
1.001125147544e-01 1.508011723544e-01 -4.400557698834e-02
-1.539410061242e-01 5.563060740621e-01 2.858771040064e-01
2.874319524680e-01 1.439254921916e-01 -8.226983285411e-02
2.184865597171e-01 -8.614652430646e-02 1.677569657954e-01
2.199311135587e-01 1.284832848877e-02 8.076245655997e-03
2.413626181126e-02 1.508613545427e-01 -5.530183153689e-02
7.534073709634e-02 2.375554635940e-01 -8.939337251953e-02
Mode 3
4.715293824674e-02 -7.080754392472e-02 1.782214693522e-01
-1.691293087450e-02 1.241904904794e-01 1.144144870361e-01
4.529637400093e-02 -7.341885920792e-02 -3.947036375530e-02
1.785404731592e-02 -5.095227750733e-02 -1.203540544031e-01
-2.214771304234e-01 2.046011066060e-02 -2.542228639819e-01
1.817358856206e-01 7.482310968077e-02 8.577303503201e-03
-1.180256003886e-01 1.347832497907e-01 7.748182515118e-02
5.774809241602e-02 9.191431528423e-03 7.197690885811e-02
9.914078288951e-02 2.086319530432e-01 1.133305490035e-01
-1.093361552106e-01 -1.030651540448e-01 -1.769835562573e-01
2.037289311880e-01 -1.568228104654e-01 1.062409870599e-03
-4.907611018077e-01 1.984630927253e-01 -8.869014476443e-02
2.973162318572e-02 3.025604110531e-01 3.682026999441e-01
Mode 4
-2.946335805504e-02 -7.354476995029e-02 6.498520866381e-02
1.495051854818e-02 6.051317154956e-02 4.140818837083e-02
9.421057987078e-03 1.825139210770e-01 9.695314476340e-02
3.050813004834e-02 -1.302615170604e-02 -5.476836105531e-02
1.545395594828e-02 8.626981137276e-02 -1.123329644016e-01
-1.340795099738e-01 -1.198740137823e-01 1.590301307652e-02
1.195972858904e-01 -2.422657827925e-02 -6.090617466671e-02
-9.590891172282e-03 5.143673051947e-01 1.115091482941e-01
-8.166798809983e-02 1.155052664179e-03 1.813851077320e-02
1.588062511237e-01 4.736438708509e-01 2.328214357451e-02
-2.089099471750e-01 1.766591131226e-01 3.437269144569e-01
2.424321240380e-01 4.737210216180e-02 -1.519294216773e-01
9.680686915520e-02 -1.912180497200e-01 -1.032670690281e-01
Mode 5
1.804474480633e-02 -3.360954943294e-02 1.440305015328e-01
4.823285317535e-02 -4.803440524587e-02 3.829213740758e-02
6.238105376929e-02 -1.112245209615e-01 -4.834987143222e-02
-6.071518701390e-02 9.649310817034e-02 1.657148603829e-03
-4.874576487372e-02 5.679881574835e-02 3.602422707652e-02
-7.119996559082e-02 6.959220940107e-02 -2.643624203448e-01
1.015173981487e-01 -9.996108918149e-02 -5.479049664641e-02
2.332227703011e-02 8.918496028688e-02 1.268941064540e-01
8.226341422488e-02 -7.318065445990e-02 1.545228866314e-01
-8.501825093260e-02 -4.156871794197e-01 2.959840999818e-02
2.664462009754e-01 -8.826246633348e-02 -3.053132146215e-01
4.645704389452e-01 -6.683854362015e-02 -2.658789846877e-02
-2.742571307168e-02 -3.144944156305e-01 -3.129554166327e-01
Mode 6
2.424939166140e-02 -4.346883041140e-02 4.027937172694e-02
-1.188680080646e-01 1.766700065120e-01 2.140339827703e-02
-7.003753623552e-02 2.910415678667e-02 -1.573139904007e-01
9.717603557997e-03 1.254167183924e-02 -1.217680781512e-02
6.072466131217e-02 -1.310141584960e-01 7.776763968452e-02
-1.617870626225e-02 1.699814390456e-03 1.530861198630e-01
3.541154906092e-02 6.806769422308e-02 -1.315781562276e-01
4.455267509041e-02 8.359286720667e-02 -1.575667848706e-01
-1.134327287571e-01 1.799573412873e-01 2.912681519732e-02
-3.205543474828e-01 -1.823909330245e-01 -2.794252276734e-01
2.333662306655e-01 -2.439905447310e-02 -3.480587429239e-01
3.213705247926e-01 2.165614845965e-01 -2.924416338073e-01
-3.933156938172e-02 -2.690192138504e-01 -2.591943097934e-01
Mode 7
-3.030576573101e-02 -3.165801322901e-02 8.906781789656e-03
5.293390787061e-02 7.774360561830e-02 7.343921500929e-03
-1.685389255622e-02 -1.104416541585e-01 2.012922932763e-01
-1.126043228912e-01 -6.782141910429e-02 4.530074711399e-03
1.777641087512e-01 1.014885270494e-01 2.274302017186e-05
1.537806472372e-01 1.060541018838e-01 2.009977339532e-03
-1.126327457860e-01 3.574173187276e-02 -2.337442901537e-01
-3.530336599720e-02 1.253622514455e-02 1.489849502748e-01
8.522556203634e-02 9.606891016301e-02 2.714419952787e-03
6.952462453715e-02 -2.033974628419e-02 2.316303548848e-01
-3.307721605206e-02 -1.835648497775e-01 4.250998044041e-01
7.619481159922e-02 1.336418138633e-01 -3.435610808469e-01
-2.460159283407e-01 -6.853875669569e-02 -4.968687974036e-01
Mode 8
1.928900190495e-04 -1.016311460937e-02 -1.252863675540e-01
-1.270585433544e-01 1.998619961748e-01 1.208772478414e-01
-8.626085973136e-02 -4.401903883237e-02 6.649352072706e-02
6.512464292466e-02 -7.567695239011e-02 1.546989972847e-01
-1.191880297439e-01 1.752713024051e-01 -2.956660479288e-02
7.683980174429e-02 -1.384948822446e-01 -1.634466654905e-01
7.922327949860e-02 6.124402620642e-02 6.060397049299e-02
1.496218537509e-02 -1.513721459878e-03 -2.688379468307e-01
-1.427973780466e-01 2.215375410303e-01 3.209402961999e-02
-3.619140875496e-01 -2.449815515204e-01 -8.125412388200e-02
2.773992740171e-01 -1.449489880762e-01 -4.288861889227e-02
3.620434117385e-01 2.290375275529e-01 -1.321604289840e-01
2.585663937308e-02 -3.389152568824e-01 -1.636712719678e-02
Mode 9
6.400433586480e-04 2.797408213775e-03 1.019400061398e-01
4.721869660551e-02 -9.253247725035e-02 -1.233212688257e-01
-1.940953847895e-02 1.187817669824e-01 -2.052173522112e-01
4.542350566120e-02 -6.185704049166e-02 1.367860068686e-01
-7.267513485580e-02 1.016663502666e-01 4.671485841949e-02
7.408454576201e-02 -1.120155578066e-01 -5.624939900583e-02
-1.100162882909e-01 5.972748172792e-02 -2.069517920607e-01
1.216520887159e-03 -1.860929305776e-04 1.157518269677e-01
4.779517413402e-02 -9.551597839470e-02 -1.095094479979e-01
1.264370293177e-01 2.436456532777e-01 -1.408917075494e-01
-3.065994561824e-01 2.799292241869e-01 -3.177048991041e-01
-3.014062116394e-01 -2.185639043396e-02 -1.152241024368e-01
-1.582540882527e-01 3.826959912955e-01 -3.234183386849e-01
Mode 10
1.029408108651e-02 9.558170694887e-03 1.635013012733e-03
8.459499297597e-02 5.875045162355e-02 -1.980079789867e-02
8.425602270010e-02 1.263938481680e-01 -2.296203775453e-01
-2.280815591267e-01 -1.552463828125e-01 1.942583357187e-02
6.317389742526e-02 4.699981662937e-02 2.755374900565e-04
8.517147050448e-02 5.576695047920e-02 -5.988977070818e-03
1.663995870343e-01 3.463616734995e-02 2.177418502404e-01
1.388227044648e-02 -2.428686013873e-02 -1.289086148861e-01
8.517147050448e-02 5.576695047920e-02 -5.988977070818e-03
1.693143633544e-01 3.764909836013e-01 -3.311905578799e-01
-1.512327023587e-01 1.870848429349e-01 -1.415200737751e-01
4.226036059264e-01 4.623332689149e-03 3.091679431196e-01
1.223904390658e-01 -1.887901040200e-01 1.495957120021e-01
Mode 11
0.000000000000e+00 0.000000000000e+00 0.000000000000e+00
-3.171517663722e-02 -2.130880568907e-02 1.844132237600e-02
5.495988602706e-02 -1.011791470525e-01 -6.035056859403e-02
3.772693347324e-02 2.161263931998e-02 3.093915372152e-03
-3.229165416573e-02 -1.832530454471e-02 4.629501548142e-03
0.000000000000e+00 0.000000000000e+00 0.000000000000e+00
-8.385624085187e-02 5.917192628353e-02 5.972280979734e-02
2.187044141895e-02 -2.794684866430e-03 -1.825208851848e-01
1.726488511230e-01 9.959989638099e-02 4.326932916978e-02
3.387987023487e-01 3.515254802944e-01 -9.025118276593e-02
-3.446152341824e-01 -9.407353185495e-02 3.343508800254e-01
3.880317102837e-01 1.420971433827e-01 2.897919351490e-02
-2.627120738132e-01 -2.984875857987e-01 -2.707166921282e-01
Mode 12
-5.129116983735e-04 8.764410502481e-03 7.431636448410e-02
-1.304714454015e-02 -1.058468894062e-02 -2.841086700180e-01
-2.543614564564e-01 -1.732678537263e-01 4.559057286816e-02
1.170349199272e-02 -7.910368450599e-04 -7.899527573608e-03
-6.011756836020e-03 -3.038336309139e-04 -2.153523774815e-02
1.426585795595e-02 -1.710724667371e-02 1.018957349576e-02
2.187380687799e-01 1.844053747640e-01 5.242437433676e-02
-1.841157624789e-02 -1.510632199969e-02 2.653918101519e-01
-2.336017422320e-02 4.889924101586e-02 -4.445932596074e-01
-7.422787176105e-02 -7.793242189622e-02 1.889887845117e-01
-3.548246083136e-01 -1.943987365268e-01 1.900227054114e-01
2.932697678815e-01 8.535033978053e-02 2.234013490247e-01
2.052510526698e-01 1.538449553583e-01 1.018504240320e-02
Mode 13
-2.283050645692e-02 -1.401427454233e-03 2.961087597507e-02
-7.571979709394e-02 -4.322023063036e-03 -4.845443679060e-02
8.538330912008e-02 -2.343826478154e-02 2.757423195188e-02
-1.170349199272e-02 7.910368450599e-04 7.899527573608e-03
4.025868401301e-03 1.363654231521e-02 1.725795750663e-02
4.858801778999e-03 6.270835919620e-03 -6.088403907561e-03
7.309386530058e-02 1.485732353356e-02 -5.776284959072e-02
7.424173111660e-02 -1.160031379697e-02 -8.889058432031e-01
-5.140683960240e-02 -4.200994411631e-02 7.995312024829e-02
1.631430861806e-01 7.853009281012e-03 8.900934600760e-02
3.601644948426e-02 -3.847895789833e-02 1.205080294653e-01
-1.588512876318e-01 -3.311972254272e-02 -2.948478245467e-02
1.742300109231e-01 1.756355175668e-01 1.392697679426e-01
Mode 14
-1.170349199272e-02 7.910368450599e-04 7.899527573608e-03
3.287116277200e-03 -1.042858355919e-01 -2.266405439204e-02
2.159284444458e-02 9.813546371993e-02 8.545864397044e-02
1.409410906208e-03 -1.034920753995e-02 -9.534540586340e-03
1.420229212581e-02 -2.288815603184e-02 -7.793861181619e-02
1.484233548446e-02 -2.009074781807e-02 2.400139432362e-02
-5.495988602706e-02 1.011791470525e-01 6.035056859403e-02
1.521864122428e-02 -5.895926711119e-03 -3.059961290727e-01
-3.873161574480e-02 -1.006317616501e-01 -8.528253331712e-02
-1.061499402275e-01 -2.949701166462e-01 2.520413070816e-01
2.164884427264e-01 2.091354963414e-01 -3.837904354409e-01
3.574884373001e-01 4.577923475357e-02 2.338937341233e-01
-2.875969813214e-01 -1.740310960513e-02 -4.116856909232e-01
Mode 15
2.564558491867e-04 -4.382205251241e-03 -3.715818224205e-02
5.541651366494e-02 -1.227396745550e-01 2.463005933881e-01
-1.137572779482e-01 -6.185441681559e-02 -2.309356694431e-02
-5.435279307509e-03 -3.287334775267e-03 -7.723416920294e-03
7.677623591415e-03 -1.442757916027e-02 -2.515748508024e-02
-2.450584751059e-02 4.785103566264e-02 -3.121189484889e-03
1.274912756093e-01 1.225536812957e-01 -5.125007165253e-02
1.476929535605e-02 8.649393149491e-03 -1.435515792767e-01
7.002134189675e-02 -2.074903177732e-01 4.663097465305e-01
-9.846106908369e-02 1.439225695017e-01 -1.602863433450e-01
-3.878342927528e-01 8.815279600391e-02 -1.530151819972e-01
-6.787989890694e-02 1.021562768281e-01 -4.750173080003e-02
5.813345317956e-02 5.042123606273e-01 -2.555198563948e-01
Mode 16
0.000000000000e+00 0.000000000000e+00 0.000000000000e+00
4.457162368696e-02 1.455076655530e-02 1.282791706105e-03
-5.141631390068e-02 -7.488893790621e-03 5.283319599412e-04
0.000000000000e+00 0.000000000000e+00 0.000000000000e+00
1.170349199272e-02 -7.910368450599e-04 -7.899527573608e-03
-4.858801778999e-03 -6.270835919620e-03 6.088403907561e-03
-2.001168464451e-02 -2.209984253413e-02 1.054179480239e-02
7.037580232767e-03 -1.722498737405e-02 -1.270974912201e-01
3.421047672224e-01 1.781975440512e-01 4.593433941874e-02
1.825620989578e-01 -1.454498080271e-01 3.736514865072e-01
-3.255217516001e-01 2.460814700059e-01 -3.676676479580e-01
-5.793426239458e-02 2.138788943932e-01 -3.351110857223e-01
9.721887955948e-02 -2.876015872320e-01 2.741054842188e-01
Mode 17
1.656229377171e-02 5.479799074560e-03 -1.398793148117e-02
-1.986628183053e-01 -1.565246228717e-01 2.516201617281e-02
1.545148718495e-01 -1.643657420506e-02 4.068161016648e-02
-2.199757307922e-02 -8.767133849827e-03 6.264514560875e-03
4.025868401301e-03 1.363654231521e-02 1.725795750663e-02
-1.985888434719e-03 1.333270868430e-02 -4.277280241514e-03
3.098095202498e-02 1.437994817780e-01 -5.711295520294e-02
-4.252436195074e-02 5.403276802282e-03 4.807935973372e-01
-2.775944990193e-01 -1.128067939942e-01 -2.227463161153e-01
1.539830115546e-01 6.136993694879e-02 -4.385160192612e-02
3.315973047875e-02 1.203036584843e-01 -1.781220425154e-01
4.359713756430e-02 3.198098088820e-01 -3.092264150086e-01
2.221667378021e-01 -2.177737967590e-01 3.636158880736e-01
Mode 18
1.311290289892e-02 -1.114024438501e-02 -1.743406815995e-02
-7.189629300997e-02 5.399868418723e-02 1.466509998169e-02
1.311290289892e-02 -1.114024438501e-02 -1.743406815995e-02
-2.085409232048e-02 1.978691418715e-02 -4.553663207177e-02
-2.219993739655e-02 3.591703108523e-02 5.212609382653e-02
5.988225363620e-02 -8.912740177474e-02 2.168921281037e-02
-1.171296629099e-02 3.531208717074e-02 -7.152526071474e-02
-6.141081024932e-03 1.564019033658e-02 1.918793151178e-01
3.679309880145e-02 -5.864078129398e-02 4.781291945174e-01
2.213784216580e-01 -1.355850803539e-01 3.162408582231e-01
-1.538937770874e-01 8.827608307021e-02 -9.759118060337e-02
2.129904688373e-01 -3.426430300778e-01 5.397506962697e-01
9.496211419089e-02 3.956848135088e-02 1.493871887144e-01
Mode 19
6.844690213718e-03 -7.061872764680e-03 -1.811123666047e-03
-6.641639646887e-02 1.321090289720e-01 -4.833287436276e-02
7.248224483675e-02 -9.150323565727e-02 7.857150913452e-02
2.801880421352e-02 -2.545008284494e-02 9.469551147562e-02
4.063046224098e-02 -8.985280973691e-02 -1.586683274017e-01
-8.240221271207e-02 1.236457287531e-01 -2.053312205374e-02
-1.207760520390e-02 -4.090962694564e-02 -5.177387251990e-02
-1.048697110556e-02 6.049439144823e-04 1.236513545413e-01
-5.924221027755e-02 9.192480998852e-02 8.025079332944e-02
1.041735260910e-01 2.737817750048e-01 -1.768937990348e-01
-2.824325789477e-01 2.997215850687e-01 -5.244032892658e-01
1.869920924967e-02 -3.402672958665e-01 4.035697051776e-01
1.123519752793e-02 8.279638366692e-02 -4.304554354252e-03
Mode 20
-1.170349199272e-02 7.910368450599e-04 7.899527573608e-03
1.053409022327e-01 -4.164038193122e-02 8.329040125882e-03
-1.853870790816e-02 -2.666814071594e-02 8.913543952800e-02
-1.152955057021e-03 5.967002288706e-03 -2.762364165571e-02
-1.394583627662e-02 1.850595078060e-02 4.078042957414e-02
8.830578648436e-03 -2.039458144898e-02 2.466156575468e-03
-6.511516862639e-02 4.115590206442e-02 -7.527420899632e-02
2.212689726814e-02 -7.176890117671e-03 -2.196790674268e-01
8.959259324215e-02 1.455621324999e-02 -1.598789663838e-01
-3.421570855002e-01 2.693418118989e-01 -5.212326900771e-01
5.672786560149e-03 6.794723017540e-02 -1.882843418985e-01
2.173430789584e-01 -1.147005723434e-01 2.195581124281e-01
1.504281918758e-01 -2.832822875163e-01 4.031408000544e-01
Mode 21
0.000000000000e+00 0.000000000000e+00 0.000000000000e+00
-3.250349278133e-02 6.087991071602e-02 -2.893370747455e-02
5.936934193783e-02 -8.036299127226e-02 9.600557729447e-02
-9.727077856271e-03 2.197937848644e-02 -6.724798047323e-02
-2.930108345945e-02 4.736110910115e-02 9.109539973463e-02
4.561639568025e-02 -7.202015510103e-02 1.149963931460e-02
4.708937241660e-02 -7.658845328285e-02 9.009328404022e-02
1.152955057021e-03 -5.967002288706e-03 2.762364165571e-02
-1.219762361328e-01 6.490072382422e-02 -1.618940822450e-01
-8.440271098480e-03 2.404814062262e-01 -2.517885126118e-01
-2.313268124281e-01 2.712907244268e-01 -4.964768360073e-01
-1.962325307887e-01 9.053145290505e-02 -2.111796625984e-01
-1.947433597136e-01 2.643493157098e-01 -4.415817740025e-01
Mode 22
-6.844690213718e-03 7.061872764680e-03 1.811123666047e-03
2.781643989619e-02 1.923408209011e-02 1.405570907413e-01
8.510556969112e-03 -2.179328555587e-02 -4.850384649444e-02
-8.830578648436e-03 2.039458144898e-02 -2.466156575468e-03
1.409410906208e-03 -1.034920753995e-02 -9.534540586340e-03
8.830578648436e-03 -2.039458144898e-02 2.466156575468e-03
1.665866755395e-03 -1.473141279119e-02 -4.669272282839e-02
-6.356583013724e-05 -5.780909358128e-03 -8.812818531196e-02
-2.670020991078e-01 2.146204430969e-01 -7.968362093159e-01
1.521832930984e-01 -1.483676802885e-01 2.150052946965e-01
-1.898818036768e-01 2.319188999148e-02 2.017515479640e-02
7.703997353297e-02 -1.556732044959e-01 1.803626787338e-01
4.614330918876e-02 1.251074380668e-01 1.785844219058e-02
Mode 23
0.000000000000e+00 0.000000000000e+00 0.000000000000e+00
1.017337642762e-01 6.124674955376e-02 -1.997690855199e-02
-6.305690603742e-04 -3.731845853946e-02 -2.251521785146e-02
5.435279307509e-03 3.287334775267e-03 7.723416920294e-03
0.000000000000e+00 0.000000000000e+00 0.000000000000e+00
0.000000000000e+00 0.000000000000e+00 0.000000000000e+00
-4.394105462658e-02 2.276769198416e-02 2.123242614535e-02
4.538780099675e-03 4.872131812732e-03 -5.705840697747e-02
-7.488185114133e-01 -5.369108078526e-01 1.469612921003e-01
1.005456662839e-01 -4.213030849272e-02 1.025456293454e-01
-1.379525780778e-01 2.191637327962e-02 -5.466954164764e-02
1.007276817264e-02 1.232844362813e-01 -1.113529842983e-01
-1.556213901201e-02 -1.668737307404e-01 9.492617035441e-02
Mode 24
0.000000000000e+00 0.000000000000e+00 0.000000000000e+00
1.452231380513e-02 -2.148945192495e-02 -2.696860874629e-02
2.111054816966e-02 -2.416911943839e-02 8.378449829715e-03
-1.948748764312e-01 3.077991823610e-01 1.615037023533e-01
1.140749646443e-01 -2.046657757573e-01 -3.168577325474e-01
2.454772055507e-01 -3.619866828262e-01 2.016390367766e-02
1.081646708316e-02 -3.372729013328e-02 6.743436816982e-03
5.435279307509e-03 3.287334775267e-03 7.723416920294e-03
6.000938529647e-02 -7.756558305849e-02 1.979455834343e-01
-1.647927585972e-01 1.852645644967e-01 -3.513123793090e-01
-9.698654961450e-03 -8.158377249061e-02 1.710263843918e-01
-9.764708430254e-02 2.055989637575e-01 -3.424822813359e-01
1.035362369901e-01 2.355610515315e-02 1.890115275319e-01
Mode 25
0.000000000000e+00 0.000000000000e+00 0.000000000000e+00
0.000000000000e+00 0.000000000000e+00 0.000000000000e+00
6.171039498718e-02 1.704706448551e-02 1.106681052792e-03
0.000000000000e+00 0.000000000000e+00 0.000000000000e+00
0.000000000000e+00 0.000000000000e+00 0.000000000000e+00
0.000000000000e+00 0.000000000000e+00 0.000000000000e+00
4.603512612503e-02 4.450351869917e-02 4.516481433702e-04
0.000000000000e+00 0.000000000000e+00 0.000000000000e+00
2.199757307922e-02 8.767133849827e-03 -6.264514560875e-03
-3.180812159867e-01 -3.483531628721e-01 -1.198933440746e-01
-4.061282116387e-01 1.191293430462e-01 2.092082104903e-01
-4.798666478098e-01 -1.389384426972e-01 1.637806748695e-01
-8.692890671027e-02 -4.586004543868e-01 -1.967968201329e-01
Mode 26
0.000000000000e+00 0.000000000000e+00 0.000000000000e+00
-7.997645270739e-03 1.302887505339e-02 -2.581251798966e-02
6.171039498718e-02 1.704706448551e-02 1.106681052792e-03
6.844690213718e-03 -7.061872764680e-03 -1.811123666047e-03
0.000000000000e+00 0.000000000000e+00 0.000000000000e+00
-6.844690213718e-03 7.061872764680e-03 1.811123666047e-03
-4.545864859652e-02 -4.748701984352e-02 1.336017268448e-02
-6.268212685207e-03 4.078371620327e-03 1.562294449390e-02
1.458587963527e-02 -1.570854256682e-02 6.115957656567e-02
-3.441046574673e-01 -3.707568390372e-01 -1.308867870203e-01
-4.369563633663e-01 1.307567906453e-01 2.130065684757e-01
4.455891052093e-01 1.339458468368e-01 -1.634284535629e-01
6.717367791496e-02 4.321184066014e-01 1.701804326932e-01
Mode 27
2.941874082145e-02 -1.278240059206e-03 5.736182600934e-03
0.000000000000e+00 0.000000000000e+00 0.000000000000e+00
0.000000000000e+00 0.000000000000e+00 0.000000000000e+00
0.000000000000e+00 0.000000000000e+00 0.000000000000e+00
0.000000000000e+00 0.000000000000e+00 0.000000000000e+00
0.000000000000e+00 0.000000000000e+00 0.000000000000e+00
0.000000000000e+00 0.000000000000e+00 0.000000000000e+00
-9.933289318855e-01 4.217919860645e-02 -1.087131467858e-01
0.000000000000e+00 0.000000000000e+00 0.000000000000e+00
0.000000000000e+00 0.000000000000e+00 0.000000000000e+00
0.000000000000e+00 0.000000000000e+00 0.000000000000e+00
0.000000000000e+00 0.000000000000e+00 0.000000000000e+00
0.000000000000e+00 0.000000000000e+00 0.000000000000e+00
Mode 28
0.000000000000e+00 0.000000000000e+00 0.000000000000e+00
-6.844690213718e-03 7.061872764680e-03 1.811123666047e-03
6.254332836488e-02 9.681358089914e-03 -2.223968036140e-02
0.000000000000e+00 0.000000000000e+00 0.000000000000e+00
0.000000000000e+00 0.000000000000e+00 0.000000000000e+00
0.000000000000e+00 0.000000000000e+00 0.000000000000e+00
1.029408108651e-02 9.558170694887e-03 1.635013012733e-03
0.000000000000e+00 0.000000000000e+00 0.000000000000e+00
2.878817176108e-02 -3.859669859867e-02 -1.677903525053e-02
-5.361443752926e-01 3.901548285940e-01 4.831443040820e-01
-1.794674534251e-01 -4.640200712731e-01 -1.941051432003e-01
1.665647502531e-02 -1.198082852281e-01 -7.725630479403e-02
-1.059079054630e-01 1.010283274989e-02 5.728392733461e-02
Mode 29
0.000000000000e+00 0.000000000000e+00 0.000000000000e+00
0.000000000000e+00 0.000000000000e+00 0.000000000000e+00
1.170349199272e-02 -7.910368450599e-04 -7.899527573608e-03
0.000000000000e+00 0.000000000000e+00 0.000000000000e+00
0.000000000000e+00 0.000000000000e+00 0.000000000000e+00
0.000000000000e+00 0.000000000000e+00 0.000000000000e+00
-3.976691343982e-02 -4.858189031949e-02 -1.607459263727e-02
0.000000000000e+00 0.000000000000e+00 0.000000000000e+00
2.194348154736e-02 -3.153482583399e-02 -1.496791158448e-02
-1.032373564360e-01 7.439054228887e-02 9.277982245119e-02
-3.355279228648e-02 -9.296222162363e-02 -4.040093415478e-02
-9.581880049697e-02 6.071981693813e-01 4.175274129580e-01
5.692523492227e-01 -4.223423311378e-02 -2.790484410594e-01
Mode 30
0.000000000000e+00 0.000000000000e+00 0.000000000000e+00
3.902816131572e-02 -6.934048758759e-02 -2.384741926140e-02
5.435279307509e-03 3.287334775267e-03 7.723416920294e-03
0.000000000000e+00 0.000000000000e+00 0.000000000000e+00
0.000000000000e+00 0.000000000000e+00 0.000000000000e+00
0.000000000000e+00 0.000000000000e+00 0.000000000000e+00
-6.844690213718e-03 7.061872764680e-03 1.811123666047e-03
0.000000000000e+00 0.000000000000e+00 0.000000000000e+00
-4.974907464627e-01 7.944608355334e-01 3.226994545822e-01
-6.844690213718e-03 7.061872764680e-03 1.811123666047e-03
-3.496220319269e-02 -8.261301408369e-02 -3.086639356844e-02
2.818821812416e-03 -2.069841507989e-02 -1.906908117268e-02
7.079742948481e-02 -7.729722214712e-03 -3.358534461379e-02
Mode 31
0.000000000000e+00 0.000000000000e+00 0.000000000000e+00
-6.844690213718e-03 7.061872764680e-03 1.811123666047e-03
-5.583552092969e-03 8.169878984360e-02 4.684155936897e-02
0.000000000000e+00 0.000000000000e+00 0.000000000000e+00
0.000000000000e+00 0.000000000000e+00 0.000000000000e+00
0.000000000000e+00 0.000000000000e+00 0.000000000000e+00
1.170349199272e-02 -7.910368450599e-04 -7.899527573608e-03
0.000000000000e+00 0.000000000000e+00 0.000000000000e+00
3.563286197480e-02 -4.565857136335e-02 -1.859015891657e-02
3.530766464061e-01 -2.429558177064e-01 -3.133837143268e-01
-2.892128647822e-01 -7.181299494438e-01 -2.806159199980e-01
-1.185176477818e-02 8.577716146393e-02 6.246450386287e-02
-1.113431847705e-01 6.815497974625e-03 4.956051041432e-02
Mode 32
0.000000000000e+00 0.000000000000e+00 0.000000000000e+00
6.844690213718e-03 -7.061872764680e-03 -1.811123666047e-03
1.409410906208e-03 -1.034920753995e-02 -9.534540586340e-03
0.000000000000e+00 0.000000000000e+00 0.000000000000e+00
0.000000000000e+00 0.000000000000e+00 0.000000000000e+00
0.000000000000e+00 0.000000000000e+00 0.000000000000e+00
6.473158111692e-02 -4.833551552944e-02 -6.382397938554e-02
0.000000000000e+00 0.000000000000e+00 0.000000000000e+00
-4.587285152944e-02 7.640236035227e-02 2.565854292745e-02
-5.846336843172e-02 4.425714390911e-02 4.820103489164e-02
4.729626424578e-02 1.191404357781e-01 4.548208384629e-02
-6.682826441857e-02 5.239173058475e-01 3.548867984418e-01
-6.669061535658e-01 3.492598555904e-02 3.249867041416e-01
--
Dipole derivatives 
Mode 0
4.701150884115e-02 -5.452242560781e-02 -2.016561301343e-02
Mode 1
6.027530031466e-02 -9.808924803074e-02 3.891969456314e-02
Mode 2
3.514990658986e-02 9.703596658781e-02 -2.430502925480e-03
Mode 3
1.902813139554e-02 -1.673012690919e-02 3.395227955780e-03
Mode 4
2.793932211572e-02 6.346472635251e-02 -1.809986720211e-02
Mode 5
8.868808575634e-03 1.515169755164e-02 4.093848786135e-02
Mode 6
-3.583547294266e-02 4.006924570079e-02 -1.115059509844e-01
Mode 7
-9.448365753888e-02 -7.421600656992e-02 1.503615998824e-02
Mode 8
6.661603139847e-02 -4.076990025216e-02 1.278755048891e-01
Mode 9
4.624431331018e-02 -1.582348390221e-02 1.150181521395e-01
Mode 10
-1.834478346377e-01 -1.690987468210e-01 3.671186520831e-02
Mode 11
6.618329153141e-02 5.326456490519e-02 6.967884033957e-04
Mode 12
-9.671341044309e-03 1.740071966239e-02 -7.098477086899e-02
Mode 13
-6.487899367164e-02 -1.801421300571e-02 7.219072390197e-03
Mode 14
-1.653250548885e-02 -1.542779166867e-02 1.060739815766e-02
Mode 15
1.058336287826e-02 -3.152046701735e-02 6.700341481362e-02
Mode 16
8.754353953004e-03 2.477163729331e-02 -4.016466284920e-03
Mode 17
1.276679505340e-02 -8.375670413262e-03 3.992294702073e-03
Mode 18
-6.901937632449e-02 2.906774504351e-02 -1.883486756577e-01
Mode 19
1.201098794544e-01 -3.250900020570e-02 2.554263786235e-01
Mode 20
-4.077056398990e-02 4.813827147296e-03 -6.461145287406e-02
Mode 21
-1.141250705210e-01 7.724793741652e-02 -2.854037099940e-01
Mode 22
-2.594388198443e-02 6.297378123388e-02 1.422925030960e-01
Mode 23
-1.678270295866e-02 -6.507678059792e-03 -1.233951085743e-02
Mode 24
-2.589337812674e-01 3.250738954110e-01 1.401510204515e-01
Mode 25
-9.570014016787e-02 -8.940996207513e-02 2.836009667007e-02
Mode 26
-2.358856903396e-02 2.441101197195e-02 -8.627568913749e-03
Mode 27
5.608885413300e-02 5.642640465925e-03 2.562291941739e-02
Mode 28
1.560414337853e-02 2.281545482325e-03 7.689485015818e-03
Mode 29
-1.171077013724e-03 -1.050758725079e-02 2.487535020133e-02
Mode 30
2.136693052492e-02 -3.521480499022e-02 -3.144749663642e-02
Mode 31
1.455496406750e-02 1.190982435539e-03 -6.913662644995e-03
Mode 32
7.869159975855e-03 1.918106128605e-02 9.478932865115e-03
--
Polarizability derivatives 
Mode 0
3.409721997208e-01 -3.304074255766e-01 3.871502527689e-01
-3.304074255766e-01 3.988799438189e-02 -5.849330764270e-01
3.871502527689e-01 -5.849330764270e-01 3.933111154094e-02
Mode 1
-7.636281831594e-01 1.889106680024e+00 -4.387567017827e-01
1.889106680024e+00 6.462922703792e-01 7.745394532229e-01
-4.387567017827e-01 7.745394532229e-01 -7.738434597082e-01
Mode 2
5.552936896930e-01 -6.079731596792e-01 -2.060114099317e-01
-6.079731596792e-01 -4.998834002535e-01 -1.733920883609e-01
-2.060114099317e-01 -1.733920883609e-01 2.127973052735e-01
Mode 3
4.829099813100e-01 -2.395698578062e-01 -5.673346525041e-01
-2.395698578062e-01 -6.927570471757e-01 1.433679154247e-01
-5.673346525041e-01 1.433679154247e-01 -1.473236805572e+00
Mode 4
-7.682745970973e-01 -6.321415674239e-01 3.495008734999e-02
-6.321415674239e-01 8.242576134164e-01 -5.467940352531e-02
3.495008734999e-02 -5.467940352531e-02 -1.114473957391e+00
Mode 5
-6.981758723023e-01 -9.750659076914e-02 -7.609952108162e-01
-9.750659076914e-02 -2.981481285899e-01 6.751037533777e-01
-7.609952108162e-01 6.751037533777e-01 -1.440353718178e+00
Mode 6
8.181908261973e-02 -1.864222866951e-01 7.774934293430e-01
-1.864222866951e-01 -2.600468673693e-02 -4.428984983325e-01
7.774934293430e-01 -4.428984983325e-01 1.440650610864e+00
Mode 7
1.187832805466e+00 2.722015708624e-01 1.260828728267e+00
2.722015708624e-01 -3.969580284791e-01 1.436515711325e+00
1.260828728267e+00 1.436515711325e+00 -8.082600334389e-01
Mode 8
4.934501292197e-01 -7.810214399059e-01 1.383092745760e-01
-7.810214399059e-01 8.001106553777e-01 4.354653790128e-01
1.383092745760e-01 4.354653790128e-01 1.596450811832e+00
Mode 9
1.582530804188e+00 -3.076096825540e-01 1.868299839855e-01
-3.076096825540e-01 1.498552854273e+00 -3.473852588799e-01
1.868299839855e-01 -3.473852588799e-01 6.273856469799e-01
Mode 10
-7.104771105726e-01 -2.253362268430e-01 -7.492631393661e-01
-2.253362268430e-01 3.461715326279e-01 -1.161324087861e+00
-7.492631393661e-01 -1.161324087861e+00 1.056905665789e+00
Mode 11
8.726148599231e-01 7.962323743818e-02 2.105018465562e-01
7.962323743818e-02 -5.619246297088e-01 2.672034769335e-02
2.105018465562e-01 2.672034769335e-02 5.865812982781e-01
Mode 12
-1.851108112645e+00 -1.380701000692e+00 -6.099024961996e-01
-1.380701000692e+00 -1.449472181727e+00 1.485790135741e-01
-6.099024961996e-01 1.485790135741e-01 -3.667807035821e+00
Mode 13
8.496125780538e-01 2.812401837287e-01 2.116244414547e+00
2.812401837287e-01 -1.518458767429e-01 8.995865795113e-01
2.116244414547e+00 8.995865795113e-01 6.423305226162e-01
Mode 14
1.413860779589e+00 -4.671972144345e-01 1.406899800357e+00
-4.671972144345e-01 1.018039295626e-01 -1.028913568372e+00
1.406899800357e+00 -1.028913568372e+00 -1.723639112674e+00
Mode 15
-1.659305825624e+00 -7.286129668876e-01 3.433415876709e-01
-7.286129668876e-01 -1.881963031602e+00 7.554058780640e-01
3.433415876709e-01 7.554058780640e-01 3.547936630017e-01
Mode 16
-9.805444947487e-01 -1.386666250535e-01 3.113576347058e-01
-1.386666250535e-01 9.179495225714e-01 -4.662060007199e-01
3.113576347058e-01 -4.662060007199e-01 -5.851114203695e-02
Mode 17
3.114691866868e-01 1.355631785312e-01 -1.069905967436e+00
1.355631785312e-01 -9.372406736967e-01 -1.114751699094e-01
-1.069905967436e+00 -1.114751699094e-01 3.393750361849e-01
Mode 18
1.183681894716e+00 -1.359423279861e+00 -4.143271113126e-01
-1.359423279861e+00 1.192972254113e+00 1.915338621443e-01
-4.143271113126e-01 1.915338621443e-01 7.914532993684e-01
Mode 19
-8.561157591323e-02 7.501489868784e-01 -8.116401553207e-01
7.501489868784e-01 -1.347107058219e-01 -2.902627042630e-01
-8.116401553207e-01 -2.902627042630e-01 -2.748313040708e+00
Mode 20
-6.618582451385e-01 1.941871789459e-01 9.480649177616e-01
1.941871789459e-01 -1.548777824155e-01 3.343061367000e-01
9.480649177616e-01 3.343061367000e-01 1.040422260825e+00
Mode 21
3.745003486807e-01 -1.029729384042e+00 -2.945119716419e-01
-1.029729384042e+00 6.643185787182e-01 1.719817816070e-01
-2.945119716419e-01 1.719817816070e-01 -8.057600060031e-02
Mode 22
7.600168583980e-01 -1.336505279683e+00 1.717486005038e+00
-1.336505279683e+00 -2.981455659477e-02 -1.440871688599e+00
1.717486005038e+00 -1.440871688599e+00 5.502875478754e-01
Mode 23
6.004907812320e-01 -2.132626667432e-01 -8.381460983115e-01
-2.132626667432e-01 -1.087764057636e+00 -4.055662648963e-01
-8.381460983115e-01 -4.055662648963e-01 4.738803759082e-01
Mode 24
5.928903918783e-01 -7.728461123605e-01 5.806164489111e-01
-7.728461123605e-01 3.269578842960e-01 -9.234687548015e-01
5.806164489111e-01 -9.234687548015e-01 -1.116596108925e+00
Mode 25
-9.715184429696e-01 3.942359131508e-01 5.435536984101e-01
3.942359131508e-01 1.116084821202e+00 2.361971223089e-01
5.435536984101e-01 2.361971223089e-01 -3.598833916049e-01
Mode 26
-1.291529186572e+00 -2.406310821417e+00 7.433798867779e-01
-2.406310821417e+00 -6.587951643047e-01 6.350330702199e-01
7.433798867779e-01 6.350330702199e-01 1.311315573660e+00
Mode 27
1.143246691889e+01 1.019051191302e+00 3.551496201988e+00
1.019051191302e+00 -1.014255286423e-01 2.779982273387e-01
3.551496201988e+00 2.779982273387e-01 2.455067364169e+00
Mode 28
-4.675166827131e+00 -4.072670126322e-01 1.838633127059e+00
-4.072670126322e-01 -4.118478523214e+00 -1.115254529211e+00
1.838633127059e+00 -1.115254529211e+00 -2.434054362361e+00
Mode 29
-6.052068938825e+00 -1.143504832202e+00 2.673826245345e+00
-1.143504832202e+00 -6.680805252495e+00 -1.437091780342e+00
2.673826245345e+00 -1.437091780342e+00 -3.338771210580e+00
Mode 30
2.341959025350e+00 -3.961460246554e+00 -9.330000651116e-01
-3.961460246554e+00 4.346660660636e+00 1.785298744051e+00
-9.330000651116e-01 1.785298744051e+00 1.372722574923e+00
Mode 31
1.998761561056e+00 -2.931799023725e+00 -2.312975874784e+00
-2.931799023725e+00 -7.237761759181e+00 -7.784567593208e-01
-2.312975874784e+00 -7.784567593208e-01 1.304765462967e+00
Mode 32
5.192289725831e+00 1.552053809968e+00 -2.476892177169e+00
1.552053809968e+00 -2.050729191797e+00 -2.069423151958e+00
-2.476892177169e+00 -2.069423151958e+00 6.450293736627e-01
--
