Number of atoms 
14
--
Anisotropy 
132.968
--
Frequencies 
50.362000000000
102.535800000000
108.642200000000
124.270400000000
170.800100000000
184.462800000000
204.632100000000
226.111700000000
286.851900000000
292.860600000000
384.062800000000
429.860800000000
447.391800000000
509.167700000000
595.346700000000
629.311500000000
633.544200000000
708.666400000000
731.965300000000
867.212200000000
901.243200000000
928.622500000000
963.279600000000
1103.628700000000
1128.832300000000
1219.565100000000
1269.823900000000
1324.281400000000
1358.068300000000
1476.454900000000
1557.424000000000
1616.975000000000
2352.701700000000
2672.331800000000
3203.177200000000
3213.663100000000
--
Displacements 
Mode 0
4.536810033240e-04 5.900563100488e-01 -5.774525537603e-03
-3.097416973109e-03 3.501272579371e-01 -1.144227927921e-03
1.923511403901e-03 1.299615698938e-01 -2.508077871911e-03
2.515361066640e-03 1.699497452458e-01 -3.279794140191e-03
1.035736909793e-03 6.997930686591e-02 -1.350503469491e-03
-1.775548988217e-03 -1.199645260558e-01 2.315148804841e-03
2.959248313694e-04 1.999408767597e-02 -3.858581341402e-04
-1.775548988217e-03 -1.199645260558e-01 2.315148804841e-03
-1.775548988217e-03 -1.199645260558e-01 2.315148804841e-03
1.617792816262e-03 -4.500976963170e-01 3.073518598622e-03
2.959248313694e-03 1.999408767597e-01 -3.858581341402e-03
-3.985191467218e-03 2.901449949092e-01 1.334647449914e-05
5.168890792695e-03 -2.101686442053e-01 -1.556779011060e-03
4.429078714272e-03 -2.601538633952e-01 -5.921336757094e-04
Mode 1
-2.653529726055e-03 3.801183894510e-01 -1.723015129132e-03
1.479624156847e-04 9.997043837987e-03 -1.929290670701e-04
3.985191467218e-03 -2.901449949092e-01 -1.334647449914e-05
2.061680063316e-03 -4.201065648030e-01 2.494731397412e-03
3.245379388794e-03 -3.401302140991e-01 9.512988608513e-04
7.398120784236e-04 4.998521918993e-02 -9.646453353504e-04
4.429078714272e-03 -2.601538633952e-01 -5.921336757094e-04
4.133153882902e-03 -2.801479510712e-01 -2.062755415692e-04
-3.107210729379e-03 -2.099379205977e-01 4.051510408472e-03
2.367398650956e-03 1.599527014078e-01 -3.086865073121e-03
1.035736909793e-03 6.997930686591e-02 -1.350503469491e-03
1.469830400577e-03 -4.600947401549e-01 3.266447665692e-03
-3.255173145064e-03 -2.199349644357e-01 4.244439475542e-03
5.918496627389e-04 3.998817535195e-02 -7.717162682803e-04
Mode 2
-1.834845131978e-01 -3.930655740065e-03 6.922557210757e-01
4.068280742102e-02 3.994381965160e-03 2.381784081168e-01
1.388718436943e-01 -1.540351580333e-03 2.668779395082e-02
1.997506185214e-01 -2.771316326637e-03 9.592195062862e-03
1.941395356741e-01 -2.848004776163e-03 1.315126248248e-03
-2.771815963927e-01 4.463728288059e-03 1.871998266416e-02
1.885284528267e-01 -2.924693225688e-03 -6.961942566366e-03
1.247036138269e-01 -2.077828985996e-03 -1.202877072716e-02
1.137624936301e-01 -1.539693321352e-03 7.464876926513e-03
4.166155310828e-02 -4.621054741000e-04 8.006338185247e-03
2.954225985357e-01 1.998406022942e-03 -1.882059899361e-01
2.053617013688e-01 -2.694627877111e-03 1.786926387748e-02
1.161464668070e-01 -2.538617942133e-03 -4.246826659054e-02
2.833645973467e-02 1.074954811325e-03 7.743312935597e-02
Mode 3
3.714508750287e-01 -3.770626130154e-04 -7.713132342079e-01
4.614845396400e-02 -3.151467279357e-03 -1.279077341318e-01
-6.298170250606e-02 2.921401930780e-03 1.030765276879e-01
-4.348343528928e-02 2.844055222272e-03 1.140223758976e-01
-2.398516807250e-02 2.766708513765e-03 1.249682241073e-01
-6.508463018496e-02 4.611839115256e-03 1.890574564879e-01
-4.937556363454e-02 2.075854209051e-03 6.969752180009e-02
-8.542603389547e-02 2.614648132677e-03 6.996825242946e-02
-7.420386820076e-02 2.768025031728e-03 8.652239005869e-02
-4.081841661455e-02 2.536643165187e-03 1.001370176635e-01
1.033859905405e-01 3.155973614628e-03 -2.755020449843e-01
-3.787235244192e-02 2.920743671798e-03 1.222994447122e-01
-9.103711674282e-02 2.537959683151e-03 6.169118361485e-02
-3.015834191567e-02 1.306994936847e-03 4.459558472688e-02
Mode 4
-2.200945483433e-01 -2.000380799887e-03 2.458747410090e-01
-7.799306886712e-02 3.093868340301e-04 -4.378339283878e-02
-4.783472695145e-02 -9.976081028174e-04 -8.837897756567e-02
-1.113785204533e-01 5.407687005710e-04 -5.739802044356e-02
-1.578080199152e-01 3.000723416233e-03 3.446192840529e-02
4.783472695145e-02 9.976081028174e-04 8.837897756567e-02
-1.521969370679e-01 3.077411865758e-03 4.273899721990e-02
-8.276101522075e-02 2.307236075592e-03 5.608289419531e-02
-8.557147019984e-03 -4.607889561366e-04 -3.043949586337e-02
4.797451960046e-01 2.454587166206e-03 -2.320607490252e-02
-1.287738599912e-01 -1.072321775398e-03 -1.543247974532e-01
-1.506561003848e-01 3.949553890261e-06 -1.153375021459e-01
-3.787235244192e-02 2.920743671798e-03 1.222994447122e-01
5.234973235696e-01 -1.622602446070e-02 -4.393031622304e-01
Mode 5
-2.515361066640e-03 -1.699497452458e-01 3.279794140191e-03
1.035736909793e-03 6.997930686591e-02 -1.350503469491e-03
2.071473819586e-03 1.399586137318e-01 -2.701006938981e-03
-4.429078714272e-03 2.601538633952e-01 5.921336757094e-04
1.183699325478e-03 7.997635070389e-02 -1.543432536561e-03
-1.479624156847e-04 -9.997043837987e-03 1.929290670701e-04
-2.811285898010e-03 -1.899438329217e-01 3.665652274332e-03
2.061680063316e-03 -4.201065648030e-01 2.494731397412e-03
-2.219436235271e-03 -1.499556575698e-01 2.893936006051e-03
1.627586572532e-03 1.099674822179e-01 -2.122219737771e-03
5.918496627389e-04 3.998817535195e-02 -7.717162682803e-04
-1.765755231947e-03 4.401006524790e-01 -2.880589531552e-03
1.323563177289e-03 -6.503459851338e-01 -6.953258294121e-03
-1.479624156847e-03 -9.997043837987e-02 1.929290670701e-03
Mode 6
2.959248313694e-04 1.999408767597e-02 -3.858581341402e-04
0.000000000000e+00 0.000000000000e+00 0.000000000000e+00
-1.479624156847e-04 -9.997043837987e-03 1.929290670701e-04
-1.479624156847e-04 -9.997043837987e-03 1.929290670701e-04
4.438872470542e-04 2.999113151396e-02 -5.787872012102e-04
0.000000000000e+00 0.000000000000e+00 0.000000000000e+00
5.918496627389e-04 3.998817535195e-02 -7.717162682803e-04
1.479624156847e-04 9.997043837987e-03 -1.929290670701e-04
-2.959248313694e-04 -1.999408767597e-02 3.858581341402e-04
4.438872470542e-04 2.999113151396e-02 -5.787872012102e-04
-1.479624156847e-04 -9.997043837987e-03 1.929290670701e-04
-2.959248313694e-04 -1.999408767597e-02 3.858581341402e-04
-4.438872470542e-04 -2.999113151396e-02 5.787872012102e-04
-3.855121371676e-03 -1.000242519463e+00 -2.007409466687e-04
Mode 7
5.933793814407e-02 1.842497565565e-03 1.409809004778e-01
1.820742334856e-01 -5.075919366302e-03 -1.233823672297e-01
2.313167140380e-01 2.153757698938e-03 -2.293206033798e-01
1.621618376887e-01 3.615446052801e-03 -2.066167150723e-01
8.542603389547e-02 -2.614648132677e-03 -6.996825242946e-02
1.686272987456e-03 4.149075382175e-03 2.162867116974e-01
4.040428803442e-02 6.077375545408e-03 -1.724255172963e-01
1.314414047772e-01 3.539415862257e-03 -2.341167009112e-01
1.722598213918e-01 1.002772697069e-03 -3.342537185747e-01
-2.056402207554e-01 4.777621457359e-03 -4.284731892906e-01
-8.304206071866e-02 1.615723511896e-03 2.003510891241e-02
8.921776067314e-02 2.618496208965e-03 -3.142186096622e-01
2.043854817928e-01 4.536365706092e-03 -1.265148063212e-01
-2.418411795433e-01 -7.455134600945e-03 -5.345338946394e-02
Mode 8
5.168890792695e-03 -2.101686442053e-01 -1.556779011060e-03
-3.541304220164e-03 3.201361264231e-01 -5.654407267111e-04
-2.801492141740e-03 3.701213456131e-01 -1.530086062061e-03
-2.219436235271e-03 -1.499556575698e-01 2.893936006051e-03
1.469830400577e-03 -4.600947401549e-01 3.266447665692e-03
2.959248313694e-04 1.999408767597e-02 -3.858581341402e-04
4.429078714272e-03 -2.601538633952e-01 -5.921336757094e-04
8.877744941083e-04 5.998226302792e-02 -1.157574402420e-03
-3.985191467218e-03 2.901449949092e-01 1.334647449914e-05
-1.035736909793e-03 -6.997930686591e-02 1.350503469491e-03
2.959248313694e-04 1.999408767597e-02 -3.858581341402e-04
-2.959248313694e-03 -1.999408767597e-01 3.858581341402e-03
8.877744941083e-04 5.998226302792e-02 -1.157574402420e-03
4.340934907844e-04 -5.300740470208e-01 4.616951135183e-03
Mode 9
4.118475847292e-01 -2.623205499439e-03 1.799296688866e-01
3.843542614883e-01 -1.623622619676e-03 2.106398953793e-01
3.036961739464e-01 -1.006823728561e-03 1.807418607747e-01
1.536021645574e-01 3.801509527205e-04 1.374999291946e-01
1.226006861480e-01 -3.873918015194e-04 7.395215807279e-02
-1.711429403997e-02 -9.215779122732e-04 -6.087899172675e-02
2.216328589150e-02 -3.847587655925e-04 -2.939510024449e-03
1.997506185214e-01 -2.771316326637e-03 9.592195062862e-03
2.198109767340e-01 -1.465637907753e-03 9.263361383837e-02
-3.759130694401e-02 3.612256235494e-03 1.583472299951e-01
-2.505314096455e-01 1.389607717209e-03 -1.201335996773e-01
1.143245846260e-01 -1.566681939602e-04 7.956044749232e-02
2.363631797782e-01 -1.927085122871e-03 8.141703499930e-02
-6.382736511110e-02 -1.927641904251e-03 3.694893119695e-01
Mode 10
-7.953390555021e-02 3.382849145898e-03 1.142931065270e-01
1.746437945686e-01 3.848076288547e-06 -3.841868620917e-01
8.458289740174e-02 -4.689185823764e-03 -1.781116082782e-01
-1.787115146216e-01 -3.794926937388e-04 -1.567228462189e-01
-2.328550246097e-01 3.694210756873e-03 1.284096261526e-02
1.388718436943e-02 -1.540351580333e-04 2.668779395082e-03
-1.125052285563e-01 -4.999787698156e-03 1.729669785551e-01
1.039455554250e-01 1.764492598076e-03 1.711496657118e-01
1.917555624973e-01 -1.849080155382e-03 5.124826976530e-02
-1.099732929638e-01 3.998331519050e-03 1.228409059710e-01
3.310440608830e-02 -9.228944302367e-04 -2.243315767813e-02
-2.658238215045e-01 -1.913919943237e-03 -3.030413054869e-01
1.937228809826e-01 2.991507790489e-03 3.035827667456e-01
-1.409772974845e-01 4.562826208664e-04 4.338492749794e-01
Mode 11
-1.035736909793e-03 -6.997930686591e-02 1.350503469491e-03
2.367398650956e-03 1.599527014078e-01 -3.086865073121e-03
1.331661741163e-03 8.997339454188e-02 -1.736361603631e-03
4.429078714272e-03 -2.601538633952e-01 -5.921336757094e-04
2.663323482325e-03 1.799467890838e-01 -3.472723207261e-03
0.000000000000e+00 0.000000000000e+00 0.000000000000e+00
-4.872965961326e-03 2.301627318812e-01 1.170920876920e-03
-2.515361066640e-03 -1.699497452458e-01 3.279794140191e-03
7.398120784236e-04 4.998521918993e-02 -9.646453353504e-04
-1.479624156847e-04 -9.997043837987e-03 1.929290670701e-04
-1.479624156847e-04 -9.997043837987e-03 1.929290670701e-04
8.796759302353e-04 -6.803371166477e-01 -6.374471092911e-03
4.340934907844e-04 -5.300740470208e-01 4.616951135183e-03
2.367398650956e-03 1.599527014078e-01 -3.086865073121e-03
Mode 12
2.168649125614e-01 -1.849738414364e-03 7.047118678961e-02
1.210598494650e-01 2.686070510349e-03 2.320286574386e-01
7.589014118822e-02 1.381050350446e-03 1.297643216387e-01
-1.792761317287e-01 -4.537023965074e-03 1.457377233455e-01
-2.505339357568e-01 -1.384898426735e-03 2.544225404530e-01
2.383973176812e-03 -9.989246207808e-04 -4.993314351705e-02
-2.363657058895e-01 -8.474210210726e-04 2.931391051310e-01
-1.506586264961e-01 -2.770556590053e-03 2.592186379844e-01
-2.810454979094e-04 -6.915125636958e-04 -3.604778528290e-02
-2.381447065500e-03 3.773430764724e-03 -3.246229966132e-01
5.821375615243e-02 -9.235526892184e-04 -3.210240653816e-03
-2.858867058284e-01 -5.994104506065e-03 -1.152658413214e-02
-2.987982252907e-02 -7.759986434004e-04 4.551995101400e-01
-2.651457755368e-02 -3.456904559497e-03 -1.994618434388e-01
Mode 13
2.515361066640e-03 1.699497452458e-01 -3.279794140191e-03
1.617792816262e-03 -4.500976963170e-01 3.073518598622e-03
2.219436235271e-03 1.499556575698e-01 -2.893936006051e-03
-1.479624156847e-04 -9.997043837987e-03 1.929290670701e-04
1.775548988217e-03 1.199645260558e-01 -2.315148804841e-03
0.000000000000e+00 0.000000000000e+00 0.000000000000e+00
-2.663323482325e-03 -1.799467890838e-01 3.472723207261e-03
-2.071473819586e-03 -1.399586137318e-01 2.701006938981e-03
-1.617792816262e-03 4.500976963170e-01 -3.073518598622e-03
-4.438872470542e-04 -2.999113151396e-02 5.787872012102e-04
1.479624156847e-04 9.997043837987e-03 -1.929290670701e-04
3.097416973109e-03 -3.501272579371e-01 1.144227927921e-03
-9.793756269818e-06 -5.600651785348e-01 5.195738336393e-03
-2.811285898010e-03 -1.899438329217e-01 3.665652274332e-03
Mode 14
1.843225974689e-01 4.561811432646e-04 1.649999150335e-01
3.149208657524e-01 1.921059314434e-03 -1.772601417264e-01
-1.570906655042e-02 2.535984906206e-03 1.193599346878e-01
-2.431009707285e-01 -3.690159725382e-03 1.406708951847e-01
-1.202167129712e-01 -6.115328192614e-04 -1.238853015898e-01
-2.665018674722e-03 3.074120570850e-04 1.388535823415e-02
-1.213408949629e-01 -3.377583074045e-03 -2.680764427215e-01
-1.352280793323e-01 -3.223547916011e-03 -2.707452221165e-01
-2.109727842161e-01 2.617939427585e-03 -2.614633269209e-02
2.539039556204e-02 6.908543047141e-04 5.527070230721e-02
4.460761728091e-02 -7.800496748924e-05 3.016876523401e-02
-2.543231364232e-01 -3.843536624433e-03 1.241167575555e-01
-2.248574424743e-01 5.546480729562e-03 -4.033712522174e-01
8.304458682997e-02 1.158782632048e-03 -3.945912490427e-01
Mode 15
-1.465858542205e-01 3.154100315284e-03 5.101606603452e-02
1.460262893360e-01 -1.762619298732e-03 -4.976677767306e-01
-6.803069435759e-02 4.227738608646e-03 1.668950294391e-01
1.904957713121e-01 1.915894720182e-03 2.453725544140e-01
2.537585193161e-01 -3.139946469021e-04 1.783438120090e-01
-2.946064172631e-03 -3.841005066108e-04 -2.216242704876e-02
1.450450175374e-01 -8.063800341608e-05 1.070604333312e-01
-1.099732929638e-01 3.998331519050e-03 1.228409059710e-01
-1.101212553795e-01 -5.998712318937e-03 1.230338350380e-01
-8.431364937282e-04 -2.074537691087e-03 -1.081433558487e-01
-3.338545158621e-02 2.313818665409e-04 -1.361462760478e-02
3.168856581265e-01 3.987141116361e-03 4.496304953842e-01
-1.606210010056e-01 -6.688908364669e-03 4.854021570650e-02
9.254847209340e-03 -4.687211046819e-03 -2.357803593511e-01
Mode 16
-1.479624156847e-03 -9.997043837987e-02 1.929290670701e-03
-3.541304220164e-03 3.201361264231e-01 -5.654407267111e-04
2.801492141740e-03 -3.701213456131e-01 1.530086062061e-03
-1.627586572532e-03 -1.099674822179e-01 2.122219737771e-03
4.437177278145e-03 4.801655162804e-01 4.624763014781e-03
0.000000000000e+00 0.000000000000e+00 0.000000000000e+00
7.300183221538e-04 -5.100799593449e-01 4.231093001043e-03
1.479624156847e-03 9.997043837987e-02 -1.929290670701e-03
-5.020928377011e-03 2.201656880433e-01 1.363849943990e-03
-2.959248313694e-04 -1.999408767597e-02 3.858581341402e-04
1.479624156847e-04 9.997043837987e-03 -1.929290670701e-04
-1.035736909793e-03 -6.997930686591e-02 1.350503469491e-03
-2.209642479001e-03 4.101095209650e-01 -2.301802330342e-03
-1.775548988217e-03 -1.199645260558e-01 2.315148804841e-03
Mode 17
-1.252657048228e-01 6.948038586043e-04 -6.006679983864e-02
-1.110974749554e-01 1.232281264267e-03 -2.135023516066e-02
-4.558636296818e-02 4.534492406749e-03 2.000033046976e-01
-2.975255262146e-01 -3.079688384650e-04 2.741869187360e-01
-7.294407701559e-02 -9.969498438356e-04 -1.076018945900e-01
0.000000000000e+00 0.000000000000e+00 0.000000000000e+00
6.592776667869e-02 -2.537301424169e-03 -8.091410063916e-02
4.236343675310e-01 1.687702670948e-03 -1.059767630487e-01
2.067669288583e-01 7.629349413679e-04 1.981081902920e-01
7.432965028346e-03 -2.305261298647e-03 -1.137516452682e-01
-5.611082847353e-03 -7.668844952582e-05 -8.277068814614e-03
-2.160243021790e-01 1.149769961507e-03 4.122283091894e-01
4.375215519005e-01 1.533667512915e-03 -1.033079836536e-01
-2.370412257459e-02 3.458221077461e-03 1.610160093902e-01
Mode 18
-4.438872470542e-04 -2.999113151396e-02 5.787872012102e-04
1.479624156847e-03 9.997043837987e-02 -1.929290670701e-03
3.689266635848e-03 -3.101390825851e-01 3.725116596410e-04
1.331661741163e-03 8.997339454188e-02 -1.736361603631e-03
-2.367398650956e-03 -1.599527014078e-01 3.086865073121e-03
0.000000000000e+00 0.000000000000e+00 0.000000000000e+00
2.515361066640e-03 1.699497452458e-01 -3.279794140191e-03
-1.331661741163e-03 -8.997339454188e-02 1.736361603631e-03
-4.281116298587e-03 2.701509072332e-01 3.992046086393e-04
-1.479624156847e-04 -9.997043837987e-03 1.929290670701e-04
0.000000000000e+00 0.000000000000e+00 0.000000000000e+00
8.975682503782e-04 6.200474415627e-01 -6.353312738813e-03
-7.496058346934e-04 -6.100503977247e-01 6.160383671743e-03
-2.959248313694e-04 -1.999408767597e-02 3.858581341402e-04
Mode 19
1.725383407784e-01 -1.080220883179e-03 7.635020683851e-02
1.087135017786e-01 -2.333566434860e-04 7.128337867771e-02
-1.666462124331e-01 1.848421896400e-03 -3.202535274099e-02
-1.707164585974e-01 -1.301728864994e-03 -1.983789209214e-01
9.819464316471e-03 -5.296797754836e-04 -5.382409289155e-01
2.946064172631e-03 3.841005066108e-04 2.216242704876e-02
4.283997877734e-01 -3.084652714557e-03 1.687130900475e-01
-8.949880617105e-02 -3.310008772661e-03 2.781708243793e-01
-1.033859905405e-01 -3.155973614628e-03 2.755020449843e-01
-1.444927536525e-02 -1.228989969358e-03 -7.476434996089e-02
-2.510935006413e-02 6.582589817102e-07 -1.922291702431e-02
3.227109670541e-03 1.075613070307e-03 5.821021233166e-02
-3.335734703642e-01 3.005331229105e-03 -1.000984907649e-01
1.259791185175e-03 -3.764974875564e-03 -1.941242846487e-01
Mode 20
0.000000000000e+00 0.000000000000e+00 0.000000000000e+00
0.000000000000e+00 0.000000000000e+00 0.000000000000e+00
1.479624156847e-04 9.997043837987e-03 -1.929290670701e-04
-2.959248313694e-04 -1.999408767597e-02 3.858581341402e-04
1.479624156847e-04 9.997043837987e-03 -1.929290670701e-04
0.000000000000e+00 0.000000000000e+00 0.000000000000e+00
-8.877744941083e-04 -5.998226302792e-02 1.157574402420e-03
2.663323482325e-03 1.799467890838e-01 -3.472723207261e-03
-1.035736909793e-03 -6.997930686591e-02 1.350503469491e-03
0.000000000000e+00 0.000000000000e+00 0.000000000000e+00
0.000000000000e+00 0.000000000000e+00 0.000000000000e+00
1.183699325478e-03 7.997635070389e-02 -1.543432536561e-03
-3.411234124622e-03 -9.702513879493e-01 -7.795281478789e-04
7.398120784236e-04 4.998521918993e-02 -9.646453353504e-04
Mode 21
-1.479624156847e-04 -9.997043837987e-03 1.929290670701e-04
4.438872470542e-04 2.999113151396e-02 -5.787872012102e-04
-1.035736909793e-03 -6.997930686591e-02 1.350503469491e-03
2.515361066640e-03 1.699497452458e-01 -3.279794140191e-03
-7.398120784236e-04 -4.998521918993e-02 9.646453353504e-04
0.000000000000e+00 0.000000000000e+00 0.000000000000e+00
-1.479624156847e-04 -9.997043837987e-03 1.929290670701e-04
1.479624156847e-04 9.997043837987e-03 -1.929290670701e-04
0.000000000000e+00 0.000000000000e+00 0.000000000000e+00
0.000000000000e+00 0.000000000000e+00 0.000000000000e+00
0.000000000000e+00 0.000000000000e+00 0.000000000000e+00
-3.411234124622e-03 -9.702513879493e-01 -7.795281478789e-04
-1.627586572532e-03 -1.099674822179e-01 2.122219737771e-03
0.000000000000e+00 0.000000000000e+00 0.000000000000e+00
Mode 22
0.000000000000e+00 0.000000000000e+00 0.000000000000e+00
-8.276101522075e-03 2.307236075592e-04 5.608289419531e-03
2.665018674722e-03 -3.074120570850e-04 -1.388535823415e-02
1.921722171887e-02 -7.688592722033e-04 -2.510193707321e-02
-1.360613887152e-02 8.455477217291e-04 3.337900588782e-02
0.000000000000e+00 0.000000000000e+00 0.000000000000e+00
2.946064172631e-03 3.841005066108e-04 2.216242704876e-02
8.037704204393e-02 -1.308311454811e-03 -6.149750678265e-03
-1.094112019680e-02 5.381356646441e-04 1.949364765368e-02
-3.310440608830e-02 9.228944302367e-04 2.243315767813e-02
0.000000000000e+00 0.000000000000e+00 0.000000000000e+00
-1.444927536525e-02 -1.228989969358e-03 -7.476434996089e-02
1.028213734333e-01 -1.001557656708e-03 2.695852458019e-02
9.524802432325e-02 -3.698217642166e-04 -9.827653214753e-01
Mode 23
-5.849480165034e-02 2.320401255226e-04 -3.283754462909e-02
-3.605047026093e-02 5.387939236259e-04 2.707306293668e-04
1.607540840879e-01 -2.616622909622e-03 -1.229950135653e-02
-1.896551609297e-01 -2.615863173038e-03 2.373269415650e-01
6.270065700815e-02 -3.612914494476e-03 -1.391243129708e-01
0.000000000000e+00 0.000000000000e+00 0.000000000000e+00
1.947016266699e-01 -1.464979648771e-03 7.341069681406e-02
-1.185304399838e-01 3.537542562913e-03 9.240141010759e-02
6.593029279000e-02 2.372047197746e-04 -4.554702407694e-01
-1.332509337361e-02 1.537060285425e-03 6.942679117073e-02
-5.611082847353e-03 -7.668844952582e-05 -8.277068814614e-03
-9.398570702676e-02 -6.206469674036e-04 4.140848966963e-01
1.648218041408e-01 -2.240978292171e-03 5.286102069541e-01
2.833898584599e-02 3.849460955269e-03 -2.971230107743e-01
Mode 24
0.000000000000e+00 0.000000000000e+00 0.000000000000e+00
-8.276101522075e-03 2.307236075592e-04 5.608289419531e-03
3.576942476302e-02 -1.230306487322e-03 -3.631851591227e-02
-1.025403279354e-01 1.693070220403e-03 9.089260702714e-03
-2.075805840196e-02 3.842321584071e-03 1.831784364390e-01
0.000000000000e+00 0.000000000000e+00 0.000000000000e+00
2.112538297140e-01 -1.926426863889e-03 6.219411797499e-02
7.714010526256e-03 -1.613748734951e-03 -7.770385998534e-02
-2.510935006413e-02 6.582589817102e-07 -1.922291702431e-02
0.000000000000e+00 0.000000000000e+00 0.000000000000e+00
-1.388718436943e-02 1.540351580333e-04 -2.668779395082e-03
-4.335942159293e-01 -2.831548301620e-03 -4.792577993595e-01
-3.234729605498e-01 3.167164017317e-03 -6.022916343975e-01
-1.037902920098e-02 1.921160792036e-03 9.158921821948e-02
Mode 25
1.169896033007e-01 -4.640802510452e-04 6.567508925818e-02
5.554873747771e-02 -6.161406321334e-04 1.067511758033e-02
-3.282434330147e-01 2.390507114935e-03 -1.278692072332e-01
-1.683324854206e-02 -2.300653485775e-04 -2.483120644384e-02
-4.053737111665e-02 3.228155728883e-03 1.361848029464e-01
0.000000000000e+00 0.000000000000e+00 0.000000000000e+00
8.388519721238e-02 4.588141791915e-04 8.810824693630e-02
1.714141587868e-01 -3.846271137962e-03 -6.784093429311e-02
-1.287738599912e-01 -1.072321775398e-03 -1.543247974532e-01
5.611082847353e-03 7.668844952582e-05 8.277068814614e-03
0.000000000000e+00 0.000000000000e+00 0.000000000000e+00
3.621884494854e-01 -4.013369998028e-03 5.881355455340e-01
4.011875100303e-01 -1.393557271099e-03 2.354711018231e-01
-2.875311442612e-02 4.764557755326e-03 2.248345111414e-01
Mode 26
5.611082847353e-03 7.668844952582e-05 8.277068814614e-03
8.276101522075e-03 -2.307236075592e-04 -5.608289419531e-03
-4.671054495982e-02 1.768442151966e-03 5.581216356595e-02
-5.611082847353e-03 -7.668844952582e-05 -8.277068814614e-03
6.943592184714e-02 -7.701757901667e-04 1.334389697541e-02
0.000000000000e+00 0.000000000000e+00 0.000000000000e+00
3.282336059039e-02 -1.614406993932e-03 -5.848094296103e-02
5.611082847353e-03 7.668844952582e-05 8.277068814614e-03
-7.210094052186e-02 1.077587847252e-03 5.414612587337e-04
0.000000000000e+00 0.000000000000e+00 0.000000000000e+00
0.000000000000e+00 0.000000000000e+00 0.000000000000e+00
-3.843517353769e-01 4.398128763620e-03 -5.851960355096e-01
3.843517353769e-01 -4.398128763620e-03 5.851960355096e-01
-7.714010526256e-03 1.613748734951e-03 7.770385998534e-02
Mode 27
-2.510935006413e-02 6.582589817102e-07 -1.922291702431e-02
-1.921722171887e-02 7.688592722033e-04 2.510193707321e-02
2.582479462831e-01 -2.288503082157e-04 -3.321264004383e-01
1.851657339626e-01 2.530718834352e-03 2.731432708823e-01
-3.990871084627e-01 -3.071386057321e-03 5.310410950715e-02
0.000000000000e+00 0.000000000000e+00 0.000000000000e+00
2.024181633075e-01 -3.042222397781e-04 -3.788493033015e-01
1.242869591355e-01 3.761683580655e-03 2.902388697702e-01
-3.376462426398e-01 -2.919325676233e-03 1.081040811850e-01
2.665018674722e-03 -3.074120570850e-04 -1.388535823415e-02
0.000000000000e+00 0.000000000000e+00 0.000000000000e+00
1.261088413165e-01 1.379733832483e-03 1.682101556874e-01
7.939829635667e-02 3.148175984449e-03 2.240223192533e-01
-2.608809575140e-02 4.457145698241e-03 2.109491529073e-01
Mode 28
8.065808754184e-02 -6.167988911151e-04 2.989803460464e-02
-5.048991851534e-03 1.306336677866e-03 6.381850175119e-02
-1.249821332135e-01 4.160822566244e-03 -3.985751546860e-01
-2.797135319852e-01 -4.534390929147e-03 6.884605524828e-02
3.344166068579e-01 -9.307935380172e-04 2.082418466136e-01
0.000000000000e+00 0.000000000000e+00 0.000000000000e+00
-3.548585315380e-02 4.696325194961e-03 -3.021898389351e-01
-1.739460943793e-01 -5.151848079244e-03 1.179670068772e-01
2.649806850108e-01 -1.606177478504e-04 1.948979496382e-01
-1.388718436943e-02 1.540351580333e-04 -2.668779395082e-03
0.000000000000e+00 0.000000000000e+00 0.000000000000e+00
-1.329822414603e-01 -4.659535503886e-04 3.921932002770e-01
-1.341064234520e-01 -3.232003805172e-03 2.480020591453e-01
2.567396717126e-02 4.156873012354e-03 -2.832376525401e-01
Mode 29
-3.338545158621e-02 2.313818665409e-04 -1.361462760478e-02
-8.276101522075e-03 2.307236075592e-04 5.608289419531e-03
1.474289907143e-01 -1.079562624197e-03 5.712728981420e-02
-8.444728820820e-02 -1.841839306583e-03 -1.602038175021e-01
-8.514498839756e-02 3.306160696372e-03 1.060160377124e-01
0.000000000000e+00 0.000000000000e+00 0.000000000000e+00
1.442018810437e-01 -2.155175694503e-03 -1.082922517467e-03
-1.373310070112e-01 -1.533110731535e-03 -1.847642933166e-01
-1.009798370307e-02 2.612673355732e-03 1.276370035024e-01
8.276101522075e-03 -2.307236075592e-04 -5.608289419531e-03
0.000000000000e+00 0.000000000000e+00 0.000000000000e+00
3.505521552106e-01 4.447271813516e-03 4.992929082719e-01
3.565773666381e-01 -4.090058447553e-03 5.798584767194e-01
-2.665018674722e-03 3.074120570850e-04 1.388535823415e-02
Mode 30
-1.122216569471e-02 -1.533768990516e-04 -1.655413762923e-02
-1.921722171887e-02 7.688592722033e-04 2.510193707321e-02
3.081856009134e-01 -9.216793898750e-04 -3.297283516726e-01
-1.460237632247e-01 4.537125442676e-03 1.231116366003e-01
3.403112613145e-01 2.611913619148e-03 -1.219894394191e-01
0.000000000000e+00 0.000000000000e+00 0.000000000000e+00
-2.275275133716e-01 3.048804987599e-04 3.596263862772e-01
1.373335331225e-01 4.307616875478e-03 -1.897918468137e-01
-4.147961750131e-01 -5.354011511156e-04 1.724640441949e-01
1.655220304415e-02 -4.614472151183e-04 -1.121657883906e-02
0.000000000000e+00 0.000000000000e+00 0.000000000000e+00
-1.653889473593e-01 -4.691059123107e-03 1.484065027406e-01
3.022909464569e-01 -4.464386547040e-03 5.029343601476e-04
-1.753094873141e-02 4.917934654378e-03 2.413886487706e-01
Mode 31
-3.338545158621e-02 2.313818665409e-04 -1.361462760478e-02
-5.611082847353e-03 -7.668844952582e-05 -8.277068814614e-03
1.514992368785e-01 2.070588137197e-03 2.234808579946e-01
-2.383304982635e-01 -2.913502822999e-03 -3.337515319796e-01
1.840415519710e-01 -2.353314204311e-04 1.289521297506e-01
0.000000000000e+00 0.000000000000e+00 0.000000000000e+00
-5.695396496726e-02 -2.841422186346e-03 -1.909140439948e-01
2.076100653521e-01 2.837472632455e-03 3.062515461407e-01
-2.257031050793e-01 6.974368945312e-04 -1.369584679359e-01
8.276101522075e-03 -2.307236075592e-04 -5.608289419531e-03
0.000000000000e+00 0.000000000000e+00 0.000000000000e+00
2.669480034961e-01 4.679970198020e-03 4.472324466185e-01
-2.247243593920e-01 -3.759050544729e-03 -3.671305378675e-01
-2.426621357041e-02 2.075195950069e-03 8.892043882440e-02
Mode 32
5.178960678331e-01 -2.549150085840e-03 2.650984057984e-01
-7.238198601977e-01 3.860752835559e-03 -3.550632402417e-01
1.057674376060e-01 -6.174571500968e-04 4.912095162895e-02
5.611082847353e-03 7.668844952582e-05 8.277068814614e-03
-1.388718436943e-02 1.540351580333e-04 -2.668779395082e-03
0.000000000000e+00 0.000000000000e+00 0.000000000000e+00
0.000000000000e+00 0.000000000000e+00 0.000000000000e+00
0.000000000000e+00 0.000000000000e+00 0.000000000000e+00
8.276101522075e-03 -2.307236075592e-04 -5.608289419531e-03
0.000000000000e+00 0.000000000000e+00 0.000000000000e+00
0.000000000000e+00 0.000000000000e+00 0.000000000000e+00
0.000000000000e+00 0.000000000000e+00 0.000000000000e+00
0.000000000000e+00 0.000000000000e+00 0.000000000000e+00
6.115982032506e-02 -5.394521826076e-04 1.895218639494e-02
Mode 33
0.000000000000e+00 0.000000000000e+00 0.000000000000e+00
0.000000000000e+00 0.000000000000e+00 0.000000000000e+00
0.000000000000e+00 0.000000000000e+00 0.000000000000e+00
0.000000000000e+00 0.000000000000e+00 0.000000000000e+00
0.000000000000e+00 0.000000000000e+00 0.000000000000e+00
0.000000000000e+00 0.000000000000e+00 0.000000000000e+00
0.000000000000e+00 0.000000000000e+00 0.000000000000e+00
0.000000000000e+00 0.000000000000e+00 0.000000000000e+00
0.000000000000e+00 0.000000000000e+00 0.000000000000e+00
-2.777436873886e-02 3.080703160667e-04 -5.337558790165e-03
0.000000000000e+00 0.000000000000e+00 0.000000000000e+00
0.000000000000e+00 0.000000000000e+00 0.000000000000e+00
0.000000000000e+00 0.000000000000e+00 0.000000000000e+00
9.911870444966e-01 -2.245789060247e-03 1.254719062326e-01
Mode 34
0.000000000000e+00 0.000000000000e+00 0.000000000000e+00
0.000000000000e+00 0.000000000000e+00 0.000000000000e+00
0.000000000000e+00 0.000000000000e+00 0.000000000000e+00
-8.276101522075e-03 2.307236075592e-04 5.608289419531e-03
0.000000000000e+00 0.000000000000e+00 0.000000000000e+00
0.000000000000e+00 0.000000000000e+00 0.000000000000e+00
0.000000000000e+00 0.000000000000e+00 0.000000000000e+00
-7.448491369867e-02 2.076512468032e-03 5.047460477578e-02
0.000000000000e+00 0.000000000000e+00 0.000000000000e+00
0.000000000000e+00 0.000000000000e+00 0.000000000000e+00
0.000000000000e+00 0.000000000000e+00 0.000000000000e+00
5.793271065452e-02 -1.615065252914e-03 -3.925802593672e-02
8.308521412115e-01 -2.694172573333e-03 -5.390523730385e-01
0.000000000000e+00 0.000000000000e+00 0.000000000000e+00
Mode 35
0.000000000000e+00 0.000000000000e+00 0.000000000000e+00
0.000000000000e+00 0.000000000000e+00 0.000000000000e+00
0.000000000000e+00 0.000000000000e+00 0.000000000000e+00
-7.448491369867e-02 2.076512468032e-03 5.047460477578e-02
0.000000000000e+00 0.000000000000e+00 0.000000000000e+00
0.000000000000e+00 0.000000000000e+00 0.000000000000e+00
0.000000000000e+00 0.000000000000e+00 0.000000000000e+00
8.276101522075e-03 -2.307236075592e-04 -5.608289419531e-03
0.000000000000e+00 0.000000000000e+00 0.000000000000e+00
0.000000000000e+00 0.000000000000e+00 0.000000000000e+00
0.000000000000e+00 0.000000000000e+00 0.000000000000e+00
8.308521412115e-01 -2.694172573333e-03 -5.390523730385e-01
-5.793271065452e-02 1.615065252914e-03 3.925802593672e-02
0.000000000000e+00 0.000000000000e+00 0.000000000000e+00
--
Dipole derivatives 
Mode 0
-2.333652686681e-02 -1.498263303075e-02 4.666109499598e-04
Mode 1
-3.185445490282e-02 -2.371400350277e-02 2.033063226771e-04
Mode 2
-1.194047322886e-02 1.875108890866e-02 -2.420415765982e-02
Mode 3
8.254114134482e-03 -1.273977610278e-02 5.360475757212e-02
Mode 4
-5.963934487695e-03 8.266094549051e-03 -5.087666052057e-02
Mode 5
1.293293294696e-02 9.511369943714e-03 8.838529580203e-04
Mode 6
-1.354458469389e-01 -9.026942798109e-02 -3.240745383762e-04
Mode 7
9.868774547135e-04 -2.140492870468e-03 -3.392028040287e-03
Mode 8
2.391546818222e-02 1.538278189990e-02 4.656879422878e-04
Mode 9
1.791936689233e-02 -2.690105337555e-02 3.707734235382e-03
Mode 10
-3.806501436961e-03 4.585468161241e-03 -7.972260917272e-03
Mode 11
-3.684573178465e-02 -2.038771921424e-02 2.422883332061e-04
Mode 12
1.647556793841e-02 -2.521149081166e-02 4.820363530017e-02
Mode 13
-7.611018599886e-02 -4.893256216683e-02 -7.930081411212e-04
Mode 14
-5.933550917678e-02 8.965876761345e-02 -6.741110530210e-03
Mode 15
5.318528236008e-02 -8.123656942061e-02 2.031889323801e-02
Mode 16
6.687754564888e-03 4.008503935277e-03 1.431399812613e-03
Mode 17
2.579024717793e-02 -3.791034165713e-02 2.023747979334e-03
Mode 18
1.013010455371e-02 5.764472989526e-03 -5.095021889490e-04
Mode 19
2.262171592413e-02 -3.255377088254e-02 -1.297854442186e-01
Mode 20
-7.098378747171e-02 -4.852560425870e-02 9.332998439668e-04
Mode 21
-7.202808852244e-02 -4.851421012377e-02 3.298853350693e-04
Mode 22
-3.042928474132e-02 4.494957327669e-02 2.236191041751e-02
Mode 23
-7.481507546158e-02 1.141814489599e-01 -2.318977033780e-01
Mode 24
8.354911119099e-02 -1.249572996904e-01 -4.381271376885e-02
Mode 25
2.969037012078e-02 -4.372233603497e-02 -8.830871524602e-02
Mode 26
-2.793423877522e-02 4.230478585857e-02 1.223212878890e-02
Mode 27
1.793483036604e-02 -2.527285818526e-02 -1.067728214259e-01
Mode 28
5.029801859778e-02 -7.616438634962e-02 1.926499748265e-01
Mode 29
1.710135785354e-01 -2.570640945582e-01 3.682639476387e-02
Mode 30
1.787430191536e-03 -3.865699886073e-03 9.750241161164e-02
Mode 31
-1.230539160978e-01 1.840849786662e-01 8.076559973532e-02
Mode 32
-9.378191250705e-02 1.404875410329e-01 1.066951384148e-01
Mode 33
2.711035491691e-02 -4.076473853248e-02 -5.827364909564e-02
Mode 34
2.343547321322e-03 -4.435837089250e-03 -3.233289707858e-02
Mode 35
-2.562216290199e-03 3.919120682951e-03 -3.625321243158e-02
--
Polarizability derivatives 
Mode 0
-6.903327621750e-02 4.118418006701e-02 7.474137505514e-01
4.118418006701e-02 7.244903001174e-03 4.791220200614e-01
7.474137505514e-01 4.791220200614e-01 2.775063812980e-03
Mode 1
-4.361307236933e-01 1.899348422977e-01 -8.291908884321e-02
1.899348422977e-01 4.119756692021e-01 -4.621290417827e-02
-8.291908884321e-02 -4.621290417827e-02 -1.749258239029e-02
Mode 2
-3.184188580745e-01 5.472302844101e-01 -2.748538154633e-01
5.472302844101e-01 -8.101130261424e-01 4.019625774009e-01
-2.748538154633e-01 4.019625774009e-01 1.367605049323e+00
Mode 3
2.248361117116e-01 -3.024336157217e-01 3.794650547872e-01
-3.024336157217e-01 4.719696295100e-01 -5.626622687305e-01
3.794650547872e-01 -5.626622687305e-01 -4.244845949540e-01
Mode 4
-1.876132876540e-01 3.010213265894e-01 5.365732225248e-02
3.010213265894e-01 -4.608211275828e-01 -9.960171157645e-02
5.365732225248e-02 -9.960171157645e-02 9.717612355772e-01
Mode 5
1.091103292793e-01 -2.276193135771e-02 5.754265007256e-01
-2.276193135771e-02 -1.910088301357e-01 3.957133748742e-01
5.754265007256e-01 3.957133748742e-01 1.132635297713e-02
Mode 6
1.442208653592e+00 -6.077098093636e-01 -3.902891647491e-01
-6.077098093636e-01 -1.419457763236e+00 -2.805259745620e-01
-3.902891647491e-01 -2.805259745620e-01 9.880336638700e-03
Mode 7
4.987192812577e-01 -5.920011593717e-01 5.145837365686e-01
-5.920011593717e-01 9.988586862772e-01 -7.769567311739e-01
5.145837365686e-01 -7.769567311739e-01 4.456062796207e-01
Mode 8
4.068223621845e-01 -1.558986764646e-01 -2.571808733903e-01
-1.558986764646e-01 -4.427287039635e-01 -2.335864157431e-01
-2.571808733903e-01 -2.335864157431e-01 -1.071482504345e-02
Mode 9
-9.550353244154e-01 1.209248256331e+00 2.542052651116e-01
1.209248256331e+00 -1.959597329299e+00 -3.886864048654e-01
2.542052651116e-01 -3.886864048654e-01 -1.077283158049e+00
Mode 10
-2.310049016005e-01 3.791867175903e-01 -8.354742157929e-01
3.791867175903e-01 -5.354843618528e-01 1.241326347700e+00
-8.354742157929e-01 1.241326347700e+00 1.380053502713e-01
Mode 11
4.915836085899e-01 -1.752809571139e-01 -1.603082682824e-01
-1.752809571139e-01 -5.743930932102e-01 -7.053048178355e-02
-1.603082682824e-01 -7.053048178355e-02 -6.312977526118e-02
Mode 12
6.476019311585e-03 3.519068340951e-02 2.019410492140e-01
3.519068340951e-02 -1.382167701328e-02 -3.192590159383e-01
2.019410492140e-01 -3.192590159383e-01 -6.458138587792e-02
Mode 13
-9.518553472103e-01 3.963279741418e-01 4.959823951468e-01
3.963279741418e-01 9.376581563780e-01 3.385809509906e-01
4.959823951468e-01 3.385809509906e-01 -2.330632467131e-02
Mode 14
-1.478110292018e-01 2.036930971553e-01 1.486975178275e-01
2.036930971553e-01 -2.992585624190e-01 -2.323476999904e-01
1.486975178275e-01 -2.323476999904e-01 7.742388642776e-01
Mode 15
-9.012916240071e-02 1.517075296950e-01 -3.543713036114e-01
1.517075296950e-01 -2.130251588062e-01 5.657760290655e-01
-3.543713036114e-01 5.657760290655e-01 -2.632837493056e-01
Mode 16
6.955628716376e-01 -2.573312398594e-01 -5.140882553305e-01
-2.573312398594e-01 -7.744658885253e-01 -3.908351303923e-01
-5.140882553305e-01 -3.908351303923e-01 -3.337931180552e-02
Mode 17
4.489059826954e-01 -5.344456219857e-01 -1.236783038208e-01
-5.344456219857e-01 9.048063899651e-01 1.785179189081e-01
-1.236783038208e-01 1.785179189081e-01 3.369146358132e+00
Mode 18
4.757768054385e-01 -1.876907121702e-01 -1.313258077451e-01
-1.876907121702e-01 -5.082038780235e-01 -1.614253130554e-01
-1.313258077451e-01 -1.614253130554e-01 -4.433619189859e-02
Mode 19
-2.388441323706e-01 2.310886036028e-01 -1.242984470762e-01
2.310886036028e-01 -4.426811495890e-01 2.032323110577e-01
-1.242984470762e-01 2.032323110577e-01 -8.787314087264e-01
Mode 20
1.007796318010e-01 -3.509775810322e-02 8.440405136588e-01
-3.509775810322e-02 -1.596266819281e-01 6.112529048421e-01
8.440405136588e-01 6.112529048421e-01 -5.778385210380e-02
Mode 21
4.883666653156e-01 -2.074676653635e-01 -8.080987729301e-01
-2.074676653635e-01 -4.501067032915e-01 -5.445861524559e-01
-8.080987729301e-01 -5.445861524559e-01 1.034070849750e-02
Mode 22
8.764733375886e-01 -1.436421802785e+00 1.690517102910e-01
-1.436421802785e+00 2.079268855212e+00 -2.491241240964e-01
1.690517102910e-01 -2.491241240964e-01 -1.961928753980e+00
Mode 23
1.117677515604e+00 -1.279890731727e+00 9.442285699644e-01
-1.279890731727e+00 2.207753147819e+00 -1.444468945852e+00
9.442285699644e-01 -1.444468945852e+00 1.769978128257e+00
Mode 24
1.152810468412e+00 -1.534991513799e+00 2.012366204782e-01
-1.534991513799e+00 2.431474337145e+00 -3.185072389443e-01
2.012366204782e-01 -3.185072389443e-01 2.200061659982e+00
Mode 25
2.217308280632e+00 -3.270814975371e+00 -4.163926937463e-01
-3.270814975371e+00 4.944397245358e+00 6.045797385813e-01
-4.163926937463e-01 6.045797385813e-01 4.283949547068e+00
Mode 26
2.357575685825e-01 -2.741727906907e-01 1.047711576432e+00
-2.741727906907e-01 5.109610525364e-01 -1.552023024334e+00
1.047711576432e+00 -1.552023024334e+00 1.048159299831e+00
Mode 27
-5.151025654425e-01 6.997761375389e-01 1.430772614667e-01
6.997761375389e-01 -1.091545745758e+00 -2.115727230102e-01
1.430772614667e-01 -2.115727230102e-01 -8.088572595637e-01
Mode 28
6.361633591643e-01 -1.038722254911e+00 -1.726780453692e-01
-1.038722254911e+00 1.501588731742e+00 2.641841489595e-01
-1.726780453692e-01 2.641841489595e-01 1.699200663004e-01
Mode 29
-4.346283394351e-01 5.952331865829e-01 3.554987925065e-02
5.952331865829e-01 -9.277434272715e-01 -3.319235047661e-02
3.554987925065e-02 -3.319235047661e-02 -1.059090443993e+00
Mode 30
-2.359338751388e+00 3.689667482478e+00 -5.415315628080e-01
3.689667482478e+00 -5.444922253802e+00 8.355351592249e-01
-5.415315628080e-01 8.355351592249e-01 -2.675983590805e+00
Mode 31
-9.966157228040e-01 1.450072717133e+00 4.956825983341e+00
1.450072717133e+00 -2.105772721599e+00 -7.420487416005e+00
4.956825983341e+00 -7.420487416005e+00 -2.892141596445e-01
Mode 32
-5.685243022680e+00 7.705378868889e+00 4.712306320895e+00
7.705378868889e+00 -1.203298095676e+01 -7.021182462545e+00
4.712306320895e+00 -7.021182462545e+00 -6.849338002826e+00
Mode 33
-2.452171771152e+00 3.856817524532e+00 9.173477255935e-01
3.856817524532e+00 -5.664876221845e+00 -1.351509855020e+00
9.173477255935e-01 -1.351509855020e+00 -4.027519404238e+00
Mode 34
4.931772130159e-01 -2.035302496778e-01 2.531532812046e-01
-2.035302496778e-01 6.633347646306e-01 -4.413338210605e-01
2.531532812046e-01 -4.413338210605e-01 7.761861126957e+00
Mode 35
-4.015984519089e-01 -2.652871470753e-03 4.240733928267e-01
-2.652871470753e-03 -3.926760873426e-01 -5.825290577832e-01
4.240733928267e-01 -5.825290577832e-01 -7.927456852315e+00
--
