Number of atoms 
14
--
Anisotropy 
30.122
--
Frequencies 
104.164800000000
189.325700000000
210.480500000000
267.743800000000
331.001300000000
450.598500000000
532.239000000000
551.514600000000
674.876200000000
702.743600000000
783.618400000000
849.221100000000
908.609000000000
949.317200000000
960.716500000000
1012.560800000000
1068.550000000000
1120.157200000000
1194.649700000000
1196.960200000000
1235.414800000000
1263.371500000000
1305.598300000000
1328.588700000000
1366.203000000000
1447.199300000000
1473.495000000000
1508.902500000000
1851.463100000000
2639.317100000000
3002.392000000000
3036.421900000000
3066.668900000000
3085.141900000000
3133.006500000000
3630.769900000000
--
Displacements 
Mode 0
-1.331532707787e-01 1.147215792863e-01 1.010404163046e-01
-3.643592309771e-02 1.730361312444e-02 8.544500035539e-03
1.299114924313e-01 -1.374447320848e-01 -1.507711834417e-01
4.406487360564e-02 -7.438702945694e-02 -5.937050414718e-02
-1.112545140797e-01 2.161105260940e-01 5.931840867953e-02
-9.571073030016e-02 5.341654164420e-02 2.204833744716e-02
9.449051661314e-02 -9.561310043902e-02 1.138759389074e-02
1.569987722642e-01 -1.775323191993e-01 -1.764473325026e-01
1.367071136866e-01 -3.123089455805e-02 -2.198540340603e-01
1.099931263047e-02 -2.529968891944e-01 1.028182336923e-01
-3.273330197961e-01 2.873159858379e-01 2.459728001897e-01
3.032579511407e-02 4.730089542883e-01 -2.104460296066e-02
-1.995179118988e-01 2.461837902505e-02 -1.048166887748e-01
-6.073040281780e-02 1.694540037291e-01 -7.547952565929e-02
Mode 1
8.892530170214e-02 4.779490776030e-04 -1.367189170593e-01
-2.160341092782e-03 7.800170340820e-02 -3.326738911065e-03
-1.159460915600e-01 1.158064757222e-01 5.518481704933e-02
1.106002694376e-01 -1.444394156757e-01 -3.169914193758e-02
-3.273756626687e-03 7.890413626961e-02 4.861501616883e-02
-9.896089753823e-03 9.198612808446e-02 2.899344145859e-02
-4.374701256260e-02 -7.576741139596e-02 2.540665783221e-02
-9.970909627584e-03 -5.274015263991e-02 -8.785816558930e-02
7.884506050512e-02 -3.748126110402e-01 -3.325642239315e-01
4.194662588077e-01 -2.540664801032e-01 1.732001195435e-01
-7.773417838753e-02 9.445876235714e-02 1.911411513107e-01
3.792023392633e-02 2.381014112023e-01 -6.300614130736e-02
-1.639563558816e-02 9.735346702149e-02 -2.129520116261e-02
1.508152247144e-01 -4.138983063247e-01 1.471154649107e-01
Mode 2
3.358102918477e-02 1.654670467311e-01 -1.099680450175e-01
6.408917197551e-02 5.647646897418e-02 -4.003731369238e-02
9.846901871725e-02 -1.191778649075e-01 -1.228840464379e-01
-9.944365781868e-02 6.155200035698e-02 9.498584195393e-02
8.348101132541e-02 -2.724539493140e-03 9.232279042922e-02
1.128859312395e-01 4.929564385987e-02 3.044184660348e-02
-1.243386182794e-01 -7.798940500489e-02 2.564294661999e-02
7.006684145205e-03 -8.703959498240e-02 -1.215525206756e-01
-9.410549493728e-02 2.095280278836e-01 3.447349146139e-01
-3.981436638109e-01 8.147942944929e-02 -2.535203234184e-02
1.325233451750e-01 -2.533467036309e-02 1.014678149032e-01
9.800218858447e-02 -7.060345489121e-02 1.746731896717e-01
1.409478501738e-01 6.683392129589e-02 3.266390202660e-02
1.104730859700e-01 -5.077550638291e-01 3.173018947819e-01
Mode 3
4.539188544578e-02 1.090852099412e-02 -7.430061174309e-02
9.471430557663e-03 1.506932111220e-02 -1.353541888560e-02
-1.628883743504e-03 1.404524586777e-02 -2.789377420615e-04
-1.628883743504e-03 1.404524586777e-02 -2.789377420615e-04
1.110031430117e-02 1.024075244429e-03 -1.325648114354e-02
-4.248395728117e-03 2.127827171914e-02 2.071681168481e-02
-1.318836893650e-02 -5.774750693349e-02 3.730003173941e-02
3.818759413402e-02 -3.906351187003e-02 -3.893263020444e-02
-6.745120419932e-03 2.079664469268e-02 1.104549320072e-02
-8.251216870640e-03 2.712723768262e-02 -1.990051245230e-02
3.742655133882e-02 -1.049139310803e-02 -2.981918720447e-02
-1.283599619779e-02 -3.007782103290e-02 -5.528280340512e-03
2.381352320616e-02 3.881654915515e-02 2.293886710793e-02
-5.410894892564e-01 8.216595170805e-01 7.808842812649e-02
Mode 4
-1.874458329098e-03 2.947455162342e-02 6.105519807986e-02
7.699745463075e-02 -4.817084509018e-02 -7.138743844928e-03
-3.179484645280e-02 -9.402818723233e-03 7.071544908364e-02
7.546471393215e-03 -8.246660948381e-02 1.055571366122e-01
3.941613771977e-02 7.166248996381e-02 1.516932945764e-01
1.194334444929e-01 -1.085126286794e-01 -6.678818573417e-02
-6.691208760910e-02 2.466690181326e-02 -1.597320145955e-01
-2.308452575610e-01 1.545136808977e-01 1.656381280896e-01
-5.911791167293e-03 -1.425006091666e-01 2.930233970770e-02
5.937141269830e-02 -1.531222651121e-01 1.887554165611e-01
-2.207112524626e-01 1.664413346306e-01 3.485452985808e-01
3.183904541794e-01 3.119041547258e-01 2.228078027185e-01
3.374159123934e-02 -1.547968679974e-01 -1.044003576566e-01
-2.639064223614e-01 3.469341221914e-01 9.492897120532e-03
Mode 5
7.716055010163e-02 -8.898334399713e-02 8.791026105695e-02
-4.047072251959e-02 1.247798681561e-01 6.627295920433e-02
1.621655097760e-02 -5.727323580474e-03 -2.458091208632e-02
-2.789882346339e-02 -5.835077634296e-02 9.282694947876e-02
-2.527931147878e-02 -6.558380219433e-02 7.183120005189e-02
-5.098907863613e-02 1.868098175906e-01 2.453988409898e-02
-2.766618315820e-03 -2.768119775756e-03 -1.232261471280e-01
3.070548169419e-01 -4.712796215524e-01 -4.280337109413e-01
-2.527931147878e-02 -6.558380219433e-02 7.183120005189e-02
-3.324464558573e-02 -8.698371629648e-02 1.163126245905e-01
2.569662281912e-01 -1.836976895236e-01 4.849374484210e-03
-2.154267944906e-01 -2.799170664959e-01 6.955380722725e-02
5.709268048757e-02 3.036243922051e-01 -1.022382232475e-01
-5.357661234139e-02 9.241555437387e-02 -5.281014978005e-02
Mode 6
-8.982765434612e-02 -1.928289487253e-01 1.361910020822e-01
-7.650630545956e-02 1.731223357888e-02 -1.155295277989e-01
-1.055083517996e-01 1.199722183459e-01 -1.545142534710e-01
-6.239379825698e-02 5.675122843413e-03 -6.689399763641e-02
1.969648898892e-01 5.881148451168e-02 1.860218913085e-02
1.666518208487e-01 2.536227429355e-02 -5.462532059827e-02
-7.220280451442e-03 8.416116699106e-04 8.454087319161e-02
1.471103417513e-01 -2.048892786879e-01 -4.206886388157e-01
-1.977924226594e-01 -1.064362034350e-01 9.772150293996e-02
-1.129422285573e-01 3.461584670332e-02 -1.069850277634e-01
-1.063281351060e-02 1.382740453514e-01 2.129958489243e-01
4.028537638471e-01 2.474623922100e-01 6.979404986005e-02
2.853990424202e-01 9.014804510058e-02 4.551543715407e-03
-3.177052741438e-02 8.312979781712e-03 2.456044135494e-01
Mode 7
4.270588348614e-02 -5.805529083988e-02 5.390538675463e-02
5.575407568259e-03 6.401727873193e-02 -3.564691928072e-02
2.407508693143e-02 -2.742640113457e-02 -8.756816036694e-02
-1.120711245429e-02 -4.412306690067e-02 -5.249342598451e-03
-1.708439192591e-02 -8.799549313760e-03 1.518853134430e-02
-1.988298852108e-02 9.005961997862e-02 -9.691832477762e-03
4.125608435320e-03 -1.356361884131e-02 9.950256226149e-03
-6.291411535278e-01 6.247864681146e-01 3.587802645056e-01
2.512713831494e-03 -5.033201750761e-02 -3.950157316886e-02
-1.405620988481e-02 -7.227437982772e-02 2.790765099739e-02
8.100027577327e-02 -5.401981105367e-02 3.347858029218e-02
-7.906952012640e-02 -5.936623113295e-02 -1.799059721215e-02
-1.292500144470e-03 9.252857630243e-02 6.065641830962e-03
-2.395229963864e-02 1.971174825674e-02 5.690109245598e-02
Mode 8
5.255013108904e-03 -6.527969623680e-02 -9.116439050669e-02
-1.952208780939e-01 3.877170431581e-02 2.242444284719e-01
-5.396322957694e-03 -1.556434221729e-01 8.152303252965e-02
-1.636365730880e-02 -4.273822046646e-03 -1.196409844685e-01
1.337032506839e-01 4.995973446085e-02 -5.768418924758e-02
4.215843699718e-02 5.671481123462e-02 1.000304772386e-01
7.097493158645e-03 6.873041207915e-03 -5.387380528065e-02
-3.116425019135e-02 8.908280296567e-02 3.655038217663e-01
-5.117835590396e-02 1.183276327831e-01 1.624172010808e-01
-1.585938149698e-01 1.815291612085e-01 -3.299926748949e-01
-9.819912509324e-02 1.214643576567e-01 2.364388750818e-01
3.002104986178e-01 3.447722789489e-01 -1.670500888597e-01
2.664906930005e-01 2.378335296297e-01 2.275791572166e-02
4.477981174032e-03 1.410606705928e-02 -3.287805585378e-02
Mode 9
-2.184287947348e-01 -1.071475522675e-01 -1.760916343095e-01
-2.307813010023e-01 -4.874089723860e-02 -3.105343852219e-02
1.545045809887e-01 1.014374695959e-01 -9.663733344569e-02
2.464907136691e-01 1.246858297035e-01 1.783136897326e-01
9.497400654338e-02 -7.128624377242e-03 1.619540700186e-01
-3.714066857514e-02 -3.803575867675e-02 9.420112419539e-02
-9.986898767262e-03 -1.926508105845e-03 -3.868527393635e-02
1.439625764915e-01 3.336241511376e-01 1.840372308736e-01
2.007541147255e-01 -3.323546476430e-02 2.220786578398e-02
2.889005217342e-01 -4.495063760016e-02 3.515905697271e-01
2.282762464118e-01 -2.027017282687e-02 -2.026797360806e-01
-5.421926401863e-02 -2.577572807731e-01 2.439701941175e-01
2.631024789798e-02 3.929817618161e-02 3.261018559202e-02
-1.823811563790e-02 2.520072957678e-02 -5.858578638865e-02
Mode 10
1.069178427544e-01 -9.293474743525e-03 -1.679899484871e-02
-1.232386584688e-01 2.513732224894e-01 1.123554007340e-01
8.455411868122e-02 2.947087367457e-02 -8.533503746351e-02
1.312187896147e-02 -1.844933075188e-02 6.991021733143e-02
-7.767022182882e-02 -1.087958157791e-01 -5.550415301118e-03
-1.202698598356e-02 -2.110908733971e-01 -1.621603982993e-01
-1.384261357858e-02 1.392360348476e-02 6.491929848137e-02
-2.960832356307e-02 2.189016158306e-02 -1.588841338890e-01
7.260588629531e-03 -3.393945769903e-02 4.117519962123e-02
1.974421208861e-02 -3.153132256673e-02 8.953179204167e-02
-5.473587199950e-01 9.258639037009e-02 -2.874355516779e-02
2.942565365138e-01 1.437906306019e-01 1.443514643846e-01
2.627974030023e-01 2.499861170124e-02 -2.758851108492e-01
1.313973085968e-02 2.231590992360e-02 -3.870779606710e-01
Mode 11
9.348643264866e-03 2.278397399003e-02 1.713164902536e-02
4.440125720467e-02 4.096300977714e-03 -5.302592457416e-02
-2.037553799985e-03 7.028705053037e-02 -3.399380682202e-02
4.468713996835e-02 -4.443085080706e-02 1.135601241676e-02
8.199090401438e-02 -4.720759103726e-02 1.220389312325e-02
-1.236095537636e-01 -4.934234698767e-03 1.148752869259e-01
-1.696160463311e-02 -1.651420219159e-02 -1.547853656666e-02
-6.466093750288e-02 4.057783459537e-02 -8.872656028946e-02
-1.007060424423e-01 -3.912559761827e-02 4.105209868285e-01
-1.165421761257e-01 1.951449807868e-01 -2.484680213983e-01
-1.037585435218e-01 6.633434390749e-03 2.229129027096e-01
1.291126748744e-01 2.036766485280e-01 -1.778924957136e-01
-1.524990054681e-01 -7.009723105814e-02 2.289769235736e-01
2.532914165634e-02 4.721753801664e-03 -6.271651613602e-01
Mode 12
1.609376368480e-02 1.987329297351e-03 6.086155824635e-03
-9.906282411083e-04 -6.812220016409e-03 2.127468716893e-02
-3.427558200493e-02 -6.069809028376e-02 1.187123894660e-02
-4.852686563999e-02 9.467317863598e-03 4.307566834801e-02
1.008614786723e-01 1.176561862844e-01 -4.223723415490e-02
3.610140225721e-03 -4.208058349553e-04 -4.227043659580e-02
-2.818470622707e-02 -9.823624558189e-03 2.844501248784e-02
-7.320822979446e-02 -4.387610418579e-02 1.074442049805e-02
-2.755478062341e-02 -9.921053348138e-02 -1.740632187199e-01
3.246321747602e-02 -2.046608214386e-01 2.603076788709e-01
3.426279659239e-01 5.579272407218e-02 -2.670079566370e-01
-2.846479250834e-02 -1.722184455560e-01 9.864361407470e-02
2.104043775014e-03 5.909787154992e-03 -7.321644224882e-02
3.453067859000e-02 1.750458216457e-02 -7.542554088897e-01
Mode 13
-7.035913236393e-02 -1.572479125874e-02 -2.241257309778e-02
5.132225816107e-03 -5.756504335897e-02 -6.049732259573e-02
5.917587649711e-03 -6.842136361603e-02 1.052781988701e-01
1.351831653377e-01 -6.566554224358e-02 2.061881382891e-01
1.332714536898e-02 -7.807904784046e-04 -1.171399913033e-01
-4.878656660673e-02 1.672891533629e-01 -2.542325905266e-01
-1.113415533905e-03 9.024328614166e-04 5.194175507989e-02
-1.218259044479e-01 -1.283214225125e-01 -1.385862654887e-02
8.803194961467e-02 6.452892308098e-02 5.841116279728e-01
-7.432744181079e-02 1.679483014583e-01 -7.189436299984e-02
-1.016948079249e-01 4.564106757486e-02 2.398038764792e-02
7.967766010797e-02 2.317149395264e-01 -2.699252809204e-01
-2.651944802937e-02 2.455341415371e-01 -3.879558018845e-01
-3.094672016122e-03 -1.272200717140e-02 9.449112941776e-02
Mode 14
2.620344974486e-02 -3.800815474629e-03 1.410436185003e-02
-1.000288790694e-02 4.888713642822e-02 1.048761771660e-02
-5.663930607815e-02 -2.193374186567e-02 -5.666480366820e-02
2.810222711237e-02 -1.555956859311e-02 1.279381282360e-01
2.825119620210e-02 8.602046224355e-02 -1.356552615587e-01
-1.116680427620e-02 -7.722091292979e-02 1.204667302144e-01
1.970390391052e-02 1.566523462396e-03 -3.618428077117e-02
-2.681093840868e-01 -6.367995551335e-02 -2.067902836945e-01
-9.780897759276e-02 -1.634152182934e-01 2.298453182738e-01
-5.707415793157e-02 -7.498662091756e-02 1.425466491355e-01
-1.428102530871e-01 2.143278437856e-01 -5.631774205270e-01
-5.645002881033e-02 4.654844294187e-02 -1.945421206500e-01
-3.308155011485e-02 -1.277962152034e-01 2.113616294924e-01
-1.588203013709e-02 -7.368231194408e-03 4.387407780088e-01
Mode 15
2.719407798597e-02 3.011404541780e-03 -7.170325318905e-03
-3.069742005857e-02 4.050839294942e-02 6.794658565670e-02
5.345822122344e-03 2.863293995351e-02 -2.348567511175e-02
2.122598950091e-02 -5.557771406162e-02 -5.441116677110e-02
6.871425948075e-02 8.058368166058e-02 7.130652700867e-02
-5.860457342069e-02 -8.637182643256e-02 -6.328832098328e-02
8.678409483113e-04 1.452687289423e-02 9.392380742026e-03
5.862056256037e-02 3.555818189849e-02 1.411542933033e-02
-1.231605755290e-01 -9.427388539049e-02 2.743062288187e-01
-1.506386735201e-01 4.282074706205e-02 -1.907206692028e-01
4.479310513160e-01 -8.184803454718e-02 7.455650546877e-02
-2.392461141792e-01 -1.078116428685e-01 -8.796559845847e-02
-4.742681516687e-01 -2.546173559610e-01 -3.715369730675e-01
-2.428035333894e-02 9.757860861096e-03 2.746183690017e-01
Mode 16
-6.622333127135e-03 1.308199181485e-02 -1.962157471024e-02
4.534278491800e-03 -6.980542350391e-02 4.366512530611e-02
1.200902225513e-01 9.926767672403e-02 -4.926134935178e-03
-1.566489329418e-01 -7.424941072177e-02 4.413770288168e-02
2.843028081267e-02 -5.605681197462e-03 -8.977914830976e-02
-4.718386466017e-02 4.394922378060e-02 -2.102733090085e-02
1.359703899298e-02 1.505702270890e-03 -3.585162659452e-03
4.922363736826e-01 2.271301336349e-01 3.165679308123e-01
-4.028479673647e-01 -4.583843649927e-01 6.478648871774e-02
-3.690528664681e-02 -2.135733926810e-01 2.166204186042e-01
-9.645578395567e-02 3.117501587214e-02 -1.801111120582e-02
1.285870140075e-01 5.671113328576e-02 -4.635975830480e-02
3.367763468063e-02 4.845771013882e-02 9.229120895524e-02
-3.217459308919e-03 -5.007354293576e-03 1.251581973287e-01
Mode 17
-1.446487994129e-02 -1.603257516512e-02 -5.807218082574e-03
-1.097752700837e-02 -8.738728122254e-03 -1.741058676742e-02
2.317526770376e-02 5.967401503933e-02 1.385242196937e-03
2.924762092563e-02 -1.180892905227e-01 -2.234941014983e-02
-1.583501031427e-01 7.452097024326e-02 1.648847563268e-02
2.014991683810e-01 -1.099393899224e-02 6.226731443696e-02
-1.359703899298e-02 -1.505702270890e-03 3.585162659452e-03
1.822384462227e-01 1.090218596363e-01 1.233019985231e-01
-8.554951532531e-03 3.488914879192e-02 3.727057285592e-01
-3.033250934974e-01 -4.179783594089e-03 -2.316817149968e-01
-2.302629861403e-02 4.190601579733e-02 -2.649786319916e-01
-4.597444409933e-01 -4.304485553744e-02 -1.997052562841e-01
2.703783860912e-01 1.203561289709e-01 -1.791924400020e-01
1.365519906928e-02 9.173096917241e-03 -3.348572678490e-01
Mode 18
0.000000000000e+00 0.000000000000e+00 0.000000000000e+00
-1.628883743504e-03 1.404524586777e-02 -2.789377420615e-04
-1.697759377279e-02 3.429944234248e-02 3.369435508629e-02
4.656159829745e-02 -7.390540243048e-02 -4.969918566310e-02
1.533272088961e-02 3.055944805936e-02 1.519959882460e-02
-7.000675962522e-02 1.194489464185e-02 -6.524088517771e-02
7.612961368244e-03 -6.269771798442e-03 -1.653112458695e-03
8.121387207951e-02 3.217817225882e-02 7.049022777616e-02
2.264286405374e-01 3.063715931231e-01 1.227457440060e-01
-4.483524474460e-01 -3.014699048604e-01 -1.399926185895e-02
1.153516615459e-02 5.407695429632e-02 -2.124679339473e-01
1.880390430620e-01 -1.626068238846e-01 3.938278038820e-01
1.380968899847e-01 -5.289627684070e-02 4.736361819719e-01
-2.104043775014e-03 -5.909787154992e-03 7.321644224882e-02
Mode 19
-1.696160463311e-02 -1.651420219159e-02 -1.547853656666e-02
-4.730665195297e-02 5.166387665842e-02 9.639737010111e-03
3.817160499434e-02 1.175013266403e-02 1.024026144851e-02
-3.016596270929e-02 -2.344806459101e-02 7.099438682570e-02
-3.519972027101e-02 8.686527385193e-03 -7.406432295531e-02
8.420174594251e-02 1.801187773975e-03 -4.250672538359e-02
7.612961368244e-03 -6.269771798442e-03 -1.653112458695e-03
-5.738503039145e-03 -2.320477982498e-02 -5.940208562116e-02
1.719253565136e-01 1.887203493443e-01 -1.054812852170e-01
1.997379753452e-02 3.853016211690e-03 7.737054787270e-02
2.312040974400e-01 -1.498934371676e-01 4.234107022987e-01
-1.278560867331e-01 1.079229222299e-01 -2.722231877387e-01
-2.050330884254e-01 -4.258112482622e-01 5.497692365930e-01
-5.154682095989e-04 1.314281300636e-02 -5.222069282195e-02
Mode 20
-1.010968606006e-02 5.788144771980e-03 -8.018206025392e-03
1.336745354707e-02 -3.387863650753e-02 8.576081509515e-03
7.081504018966e-03 5.768668574198e-02 -4.700913627699e-03
-2.057174485883e-02 -1.609339635663e-02 2.679190002914e-02
3.255588924799e-02 -1.916930003877e-02 -7.982889208361e-02
-1.593066821391e-02 -4.279982820430e-02 8.896284907725e-02
0.000000000000e+00 0.000000000000e+00 0.000000000000e+00
-1.053292671890e-01 2.834607490487e-02 -1.086381402221e-01
3.045656924990e-01 3.665929988860e-01 -1.692610768026e-01
-3.572181665743e-01 -3.435620621811e-01 2.023864889244e-01
9.142016363542e-02 -9.061930910548e-02 2.807676877743e-01
6.968056868345e-02 6.968010317204e-02 -1.248571246260e-01
1.028483694674e-02 2.050865697792e-01 -4.885015056529e-01
-1.113415533905e-03 9.024328614166e-04 5.194175507989e-02
Mode 21
-1.858469189420e-03 -2.133909291064e-02 1.188230642691e-02
-2.590737432391e-02 1.153819919384e-01 -1.334758550898e-01
6.269960388423e-03 -4.075167771544e-02 6.244988679016e-02
-6.559526842622e-02 -5.014587598423e-02 9.091308039359e-03
8.349700046509e-02 -5.353818402721e-02 4.314989877627e-02
3.043585633330e-02 2.573455734030e-02 4.256044181817e-02
0.000000000000e+00 0.000000000000e+00 0.000000000000e+00
3.437478485980e-01 3.184084904023e-02 3.129274307513e-01
2.142890599183e-01 2.631037008524e-01 -1.925010166132e-01
1.708439192591e-02 8.799549313760e-03 -1.518853134430e-02
-2.822276877718e-01 1.588791280047e-01 -3.900063524348e-01
2.139927762905e-02 6.371811527999e-02 -1.431155921000e-01
-4.544331305666e-01 -1.922360423374e-01 -2.143264656309e-01
0.000000000000e+00 0.000000000000e+00 0.000000000000e+00
Mode 22
5.984077624739e-03 7.775474069332e-03 -1.932050200757e-03
-5.182726651457e-03 -6.944543886046e-02 1.185346800136e-01
-4.792891831568e-02 2.170769800854e-02 -6.108677955383e-02
7.855405191681e-02 7.250904413930e-02 -3.423009560981e-02
-2.839830253331e-02 -9.602160787067e-02 -8.566634996145e-03
1.108483774395e-01 1.195826943902e-01 -3.551960218544e-03
-5.984077624739e-03 -7.775474069332e-03 1.932050200757e-03
-7.250348431704e-02 1.146326761539e-02 -7.491220366180e-02
-1.029655224473e-01 -1.235659734394e-01 1.154536764037e-01
-2.908618553529e-01 -3.219883049589e-01 1.841817378851e-01
-3.003288897357e-01 3.397267496008e-02 -1.206168120378e-01
1.523340472386e-01 1.933084475554e-02 8.378935787398e-02
-6.101579252423e-01 -3.358700707282e-01 -8.425320084733e-02
-5.901598510032e-03 1.760771908197e-02 -1.544510905230e-01
Mode 23
2.457456600135e-02 1.024443039314e-02 1.382542410797e-02
1.010968606006e-02 -5.788144771980e-03 8.018206025392e-03
-4.665240731089e-02 -2.000723375983e-02 -1.797952973184e-02
2.253701220137e-02 8.053148092352e-02 -2.016838271406e-02
5.356062320171e-02 -4.160190983980e-02 1.019830414330e-01
-3.194195278400e-02 -1.940396435035e-02 -7.350644747119e-02
0.000000000000e+00 0.000000000000e+00 0.000000000000e+00
1.351268680199e-01 1.824594831961e-02 1.296449571292e-01
-3.218752736960e-02 -3.974658594702e-03 -1.217231164927e-02
-2.004061381616e-01 -3.101251503663e-01 2.532977909446e-01
-5.803860437574e-02 2.749584278052e-02 -6.910498557923e-02
-3.645287935882e-01 2.368980723218e-01 -6.414811470147e-01
2.734552062091e-01 9.231289546686e-02 1.833046085827e-01
-5.116236676428e-03 6.751398824903e-03 1.132443094278e-02
Mode 24
-1.510313544369e-02 4.824890719058e-03 -2.736084299357e-02
4.059118460291e-03 -8.976045652668e-02 1.171605052970e-01
7.843126462401e-02 8.022369701713e-02 -3.563027698847e-03
-9.202830361699e-02 -8.172939928802e-02 7.148190358299e-03
6.140317001587e-02 -1.248734285982e-02 8.816868480534e-02
-3.773235696607e-03 4.123330474190e-02 -5.277856830608e-02
0.000000000000e+00 0.000000000000e+00 0.000000000000e+00
-4.441904645565e-01 -4.563051173868e-02 -4.207287577472e-01
1.873565456576e-01 1.938493460209e-01 -2.958377187691e-01
7.606751988225e-02 2.321357453614e-01 -2.276548443246e-01
-1.753098450173e-01 1.495856532612e-01 -4.068053472835e-01
-1.351831653377e-01 6.566554224358e-02 -2.061881382891e-01
3.926809168018e-04 -5.428160128531e-03 8.288776073291e-02
-2.496724691816e-03 -4.816270264613e-04 -9.671318484088e-03
Mode 25
5.513320962745e-02 2.826433485562e-02 2.571879801518e-02
-1.005338874229e-02 -7.812334579121e-02 6.852497513450e-02
-1.221680845293e-01 4.117219835462e-03 -1.547837446997e-01
1.875358384750e-02 -3.834354258314e-02 1.108064792106e-01
-3.567488030252e-02 -1.126850563757e-02 -5.689429644259e-04
-1.010968606006e-02 5.788144771980e-03 -8.018206025392e-03
0.000000000000e+00 0.000000000000e+00 0.000000000000e+00
4.333862256763e-01 1.561876129580e-01 3.146137456509e-01
2.649922557908e-01 1.248210350465e-01 -2.814228377030e-01
2.323596119638e-02 3.467928255073e-01 -2.404055454517e-01
2.854629989789e-01 -1.131065330357e-01 -1.921400228964e-01
2.388879449581e-01 2.910639297505e-01 -3.786628039394e-03
2.044895756603e-02 2.380804923446e-02 3.875167881817e-03
0.000000000000e+00 0.000000000000e+00 0.000000000000e+00
Mode 26
2.207784130954e-02 9.762803366683e-03 4.154105623878e-03
-2.849097430528e-03 -2.815131292705e-02 3.315699359584e-02
-5.228411219692e-02 -1.130219285671e-04 -5.887579161101e-02
3.134980194211e-03 -2.037583885772e-02 3.122494339508e-02
7.582774177907e-02 3.664307833442e-02 -3.174016992493e-02
9.906282411083e-04 6.812220016409e-03 -2.127468716893e-02
0.000000000000e+00 0.000000000000e+00 0.000000000000e+00
1.489534924588e-01 5.513598936892e-02 1.138985503008e-01
1.099805364912e-01 1.050558214960e-01 -1.294434096057e-02
9.052220716628e-02 8.805999227797e-02 -3.809419601132e-02
-4.988151945575e-01 2.201779585845e-01 3.763044887217e-01
-3.939425058520e-01 -5.571827130935e-01 5.706773442808e-02
1.097752700837e-02 8.738728122254e-03 1.741058676742e-02
0.000000000000e+00 0.000000000000e+00 0.000000000000e+00
Mode 27
-8.480802316555e-03 -8.257101095793e-03 -7.739268283331e-03
5.345822122344e-03 2.863293995351e-02 -2.348567511175e-02
1.759986013551e-02 -4.343263692596e-03 3.703216147766e-02
4.902634470991e-02 2.820351366411e-02 5.831791612689e-02
5.984077624739e-03 7.775474069332e-03 -1.932050200757e-03
-5.984077624739e-03 -7.775474069332e-03 1.932050200757e-03
0.000000000000e+00 0.000000000000e+00 0.000000000000e+00
-2.892975988259e-02 -3.206515033025e-02 -1.161443616515e-02
-6.125926775876e-02 -4.448354579468e-01 -5.307247096819e-01
-6.042014297221e-01 1.445629934405e-01 -3.061734365507e-01
-5.626261430103e-02 2.345174253986e-02 7.539584871767e-02
-5.635342331447e-02 -7.046089365045e-02 7.717133322725e-03
2.496724691816e-03 4.816270264613e-04 9.671318484088e-03
0.000000000000e+00 0.000000000000e+00 0.000000000000e+00
Mode 28
3.716971728967e-01 2.172021076026e-01 1.620631238547e-01
-6.259236352268e-01 -3.279035126299e-01 -3.080566332177e-01
9.382028283138e-02 2.687165451330e-02 8.817975228564e-02
1.958111661772e-02 9.281176340221e-03 -5.517212860210e-03
1.446487994129e-02 1.603257516512e-02 5.807218082574e-03
3.055864362609e-02 1.801990446248e-02 1.189337390721e-02
0.000000000000e+00 0.000000000000e+00 0.000000000000e+00
-2.859388296682e-01 -9.472103059917e-02 -2.316612010032e-01
-2.503373689318e-02 -8.101310794998e-02 1.049706422997e-02
-1.139993467734e-01 -4.839321099846e-02 2.149990847641e-02
2.806191893428e-02 1.753827743601e-02 2.222055423121e-03
-8.480802316555e-03 -8.257101095793e-03 -7.739268283331e-03
-3.055864362609e-02 -1.801990446248e-02 -1.189337390721e-02
1.910595658621e-02 -1.067385668254e-02 6.797816713068e-02
Mode 29
0.000000000000e+00 0.000000000000e+00 0.000000000000e+00
0.000000000000e+00 0.000000000000e+00 0.000000000000e+00
0.000000000000e+00 0.000000000000e+00 0.000000000000e+00
0.000000000000e+00 0.000000000000e+00 0.000000000000e+00
0.000000000000e+00 0.000000000000e+00 0.000000000000e+00
0.000000000000e+00 0.000000000000e+00 0.000000000000e+00
2.806191893428e-02 1.753827743601e-02 2.222055423121e-03
0.000000000000e+00 0.000000000000e+00 0.000000000000e+00
0.000000000000e+00 0.000000000000e+00 0.000000000000e+00
0.000000000000e+00 0.000000000000e+00 0.000000000000e+00
0.000000000000e+00 0.000000000000e+00 0.000000000000e+00
0.000000000000e+00 0.000000000000e+00 0.000000000000e+00
0.000000000000e+00 0.000000000000e+00 0.000000000000e+00
-8.595802154566e-01 -5.140904065100e-01 -7.302675626034e-02
Mode 30
0.000000000000e+00 0.000000000000e+00 0.000000000000e+00
0.000000000000e+00 0.000000000000e+00 0.000000000000e+00
0.000000000000e+00 0.000000000000e+00 0.000000000000e+00
3.503342072603e-03 -4.351979749120e-02 -6.077626033780e-02
0.000000000000e+00 0.000000000000e+00 0.000000000000e+00
0.000000000000e+00 0.000000000000e+00 0.000000000000e+00
0.000000000000e+00 0.000000000000e+00 0.000000000000e+00
0.000000000000e+00 0.000000000000e+00 0.000000000000e+00
2.237720834408e-01 -1.436709236006e-01 6.312464165682e-02
-2.423350487049e-01 6.262417122155e-01 6.827847699316e-01
-1.283599619779e-02 -3.007782103290e-02 -5.528280340512e-03
2.795512078116e-02 -2.556071422023e-02 -1.628376831887e-02
0.000000000000e+00 0.000000000000e+00 0.000000000000e+00
0.000000000000e+00 0.000000000000e+00 0.000000000000e+00
Mode 31
0.000000000000e+00 0.000000000000e+00 0.000000000000e+00
0.000000000000e+00 0.000000000000e+00 0.000000000000e+00
0.000000000000e+00 0.000000000000e+00 0.000000000000e+00
0.000000000000e+00 0.000000000000e+00 0.000000000000e+00
-7.612961368244e-03 6.269771798442e-03 1.653112458695e-03
4.394208631284e-02 -6.667237657912e-02 -2.870343623623e-02
0.000000000000e+00 0.000000000000e+00 0.000000000000e+00
0.000000000000e+00 0.000000000000e+00 0.000000000000e+00
-1.010968606006e-02 5.788144771980e-03 -8.018206025392e-03
7.612961368244e-03 -6.269771798442e-03 -1.653112458695e-03
-1.196815524948e-02 -1.555094813866e-02 3.864100401514e-03
6.364599022336e-02 -6.510585311672e-02 -6.488771700739e-02
-5.280500894096e-01 7.778269931774e-01 3.043817861817e-01
0.000000000000e+00 0.000000000000e+00 0.000000000000e+00
Mode 32
0.000000000000e+00 0.000000000000e+00 0.000000000000e+00
0.000000000000e+00 0.000000000000e+00 0.000000000000e+00
0.000000000000e+00 0.000000000000e+00 0.000000000000e+00
-1.772264742830e-02 1.205791657042e-02 -6.365093566697e-03
5.700766795655e-02 -1.210216767805e-03 -3.533640006468e-02
7.612961368244e-03 -6.269771798442e-03 -1.653112458695e-03
0.000000000000e+00 0.000000000000e+00 0.000000000000e+00
0.000000000000e+00 0.000000000000e+00 0.000000000000e+00
2.211525714562e-01 -1.364378977493e-01 8.412039108369e-02
6.867907712729e-03 -2.851129757050e-02 -4.171256111168e-02
-1.790656912667e-01 -4.419469603447e-01 -5.584229985618e-02
-5.040356959708e-01 4.632817815748e-01 4.586044134634e-01
-4.394208631284e-02 6.667237657912e-02 2.870343623623e-02
0.000000000000e+00 0.000000000000e+00 0.000000000000e+00
Mode 33
0.000000000000e+00 0.000000000000e+00 0.000000000000e+00
0.000000000000e+00 0.000000000000e+00 0.000000000000e+00
0.000000000000e+00 0.000000000000e+00 0.000000000000e+00
6.589714032958e-02 -4.919492033461e-02 6.117737298612e-03
1.958111661772e-02 9.281176340221e-03 -5.517212860210e-03
0.000000000000e+00 0.000000000000e+00 0.000000000000e+00
0.000000000000e+00 0.000000000000e+00 0.000000000000e+00
0.000000000000e+00 0.000000000000e+00 0.000000000000e+00
-7.410934245017e-01 4.783420042222e-01 -2.667760543171e-01
-4.944267400734e-02 1.473813785716e-01 1.812019625648e-01
-8.050333011967e-02 -1.877607732403e-01 -2.156631335823e-02
-1.281598213950e-01 1.156848333392e-01 1.203830532728e-01
-7.612961368244e-03 6.269771798442e-03 1.653112458695e-03
0.000000000000e+00 0.000000000000e+00 0.000000000000e+00
Mode 34
0.000000000000e+00 0.000000000000e+00 0.000000000000e+00
0.000000000000e+00 0.000000000000e+00 0.000000000000e+00
0.000000000000e+00 0.000000000000e+00 0.000000000000e+00
-7.612961368244e-03 6.269771798442e-03 1.653112458695e-03
-2.283128385579e-03 8.571635628602e-02 2.734032899989e-02
-7.612961368244e-03 6.269771798442e-03 1.653112458695e-03
0.000000000000e+00 0.000000000000e+00 0.000000000000e+00
0.000000000000e+00 0.000000000000e+00 0.000000000000e+00
4.305825622485e-02 -3.038560493929e-02 1.107707467470e-02
1.198414438916e-02 -3.526269639540e-02 -5.303699205446e-02
-3.348493166765e-01 -7.811209139939e-01 -9.179353377343e-02
3.081042759171e-01 -2.689274762776e-01 -2.832838994094e-01
3.882584963641e-02 -5.992097775422e-02 -1.737900529344e-02
0.000000000000e+00 0.000000000000e+00 0.000000000000e+00
Mode 35
0.000000000000e+00 0.000000000000e+00 0.000000000000e+00
0.000000000000e+00 0.000000000000e+00 0.000000000000e+00
1.830460561293e-02 5.099610810859e-02 -4.862446268220e-02
0.000000000000e+00 0.000000000000e+00 0.000000000000e+00
0.000000000000e+00 0.000000000000e+00 0.000000000000e+00
0.000000000000e+00 0.000000000000e+00 0.000000000000e+00
0.000000000000e+00 0.000000000000e+00 0.000000000000e+00
-3.094164317263e-01 -7.285854083430e-01 6.124743051977e-01
0.000000000000e+00 0.000000000000e+00 0.000000000000e+00
0.000000000000e+00 0.000000000000e+00 0.000000000000e+00
0.000000000000e+00 0.000000000000e+00 0.000000000000e+00
0.000000000000e+00 0.000000000000e+00 0.000000000000e+00
0.000000000000e+00 0.000000000000e+00 0.000000000000e+00
0.000000000000e+00 0.000000000000e+00 0.000000000000e+00
--
Dipole derivatives 
Mode 0
-8.264305753865e-03 -1.101722763572e-03 -3.956139552641e-02
Mode 1
7.754375615164e-02 -1.994310370607e-02 4.891805122352e-02
Mode 2
2.705075384765e-02 -5.103729698496e-03 9.979094464418e-02
Mode 3
-1.012201272774e-01 5.201308871522e-02 -2.391165296257e-02
Mode 4
-3.783039568600e-02 3.657464698098e-02 2.368652729040e-03
Mode 5
4.550701681836e-02 -5.154637166670e-02 -6.427525109433e-02
Mode 6
7.618847856731e-02 3.183553899180e-02 -6.352458891099e-02
Mode 7
-2.726997094154e-01 1.145000226993e-01 3.541639566679e-02
Mode 8
-6.710789357860e-02 5.254609908244e-02 9.468950861284e-02
Mode 9
-4.205138709374e-03 9.594931183142e-02 3.956632614025e-02
Mode 10
-9.207725965848e-02 -9.643199832813e-03 -6.058091618615e-02
Mode 11
-5.430297608853e-03 -2.017590852111e-02 -4.996959182409e-02
Mode 12
-2.875280041849e-02 -3.957945028164e-02 -3.722408674306e-02
Mode 13
-2.581171786414e-02 -3.988431650928e-02 -2.044569939338e-02
Mode 14
-5.991697953019e-03 7.768743001522e-02 -2.927258528529e-03
Mode 15
1.106269674637e-02 1.905531163556e-02 3.350517937288e-02
Mode 16
1.815969281980e-02 -7.154329346337e-02 1.190497022776e-01
Mode 17
-1.404241134509e-02 -4.394375890495e-02 2.742347294999e-02
Mode 18
5.990461082150e-02 -1.892828838969e-02 -6.681319739139e-02
Mode 19
-2.399261769972e-02 -8.784096109365e-02 -4.743678330433e-02
Mode 20
3.353317786459e-02 7.560196261925e-02 7.881068925299e-02
Mode 21
-1.327090688926e-01 -6.808222577592e-02 -1.497181984596e-01
Mode 22
1.308123769077e-01 8.937201838325e-02 1.736467896912e-01
Mode 23
1.699205322165e-02 4.315238196622e-02 -1.290671628783e-02
Mode 24
1.252342366266e-02 -9.571236379544e-02 9.053608157434e-02
Mode 25
1.374891319600e-01 8.442009710895e-02 1.355285656642e-01
Mode 26
1.393817889751e-02 2.189817332060e-02 1.168152323994e-01
Mode 27
-1.528295489581e-02 2.193965741653e-02 -7.524012224346e-02
Mode 28
-3.124009530174e-01 -5.256728571679e-01 -1.160665876825e-02
Mode 29
5.844965327375e-03 -2.539632689528e-02 1.039670255762e-01
Mode 30
-2.873302858129e-03 -2.181947933137e-01 -1.349735832087e-01
Mode 31
6.050905977581e-02 -3.685522837102e-02 -7.906204477887e-02
Mode 32
3.152726060109e-02 3.220657702350e-02 -7.788106129140e-02
Mode 33
1.713292837385e-01 4.467001521142e-02 3.382666829227e-04
Mode 34
-4.257213053058e-02 1.117179536911e-01 -1.421310789971e-02
Mode 35
7.424191747773e-02 -4.338676999233e-02 1.973464176839e-01
--
Polarizability derivatives 
Mode 0
6.015640537768e-01 1.974101692584e-01 -1.859455129143e-01
1.974101692584e-01 -3.008759966136e-01 -2.051193574002e-01
-1.859455129143e-01 -2.051193574002e-01 -3.441965787204e-01
Mode 1
-5.924948570753e-01 -3.283215871486e-01 2.334831018748e-01
-3.283215871486e-01 5.331597911827e-01 3.115295833888e-01
2.334831018748e-01 3.115295833888e-01 -2.933527816038e-01
Mode 2
-2.867589594541e-01 -4.423612263494e-01 2.200552187750e-01
-4.423612263494e-01 1.497625215611e-01 2.665833627193e-01
2.200552187750e-01 2.665833627193e-01 4.598077342145e-02
Mode 3
1.396582223866e+00 8.138975956133e-01 2.301338056777e-03
8.138975956133e-01 -1.006503851640e+00 8.145483757743e-02
2.301338056777e-03 8.145483757743e-02 -9.764863927357e-01
Mode 4
3.709869815274e-01 8.672726170738e-01 3.977693632931e-01
8.672726170738e-01 -3.594109685743e-01 3.464115215991e-01
3.977693632931e-01 3.464115215991e-01 1.283389342122e+00
Mode 5
4.956356148695e-01 -4.440808690525e-01 8.688917752475e-01
-4.440808690525e-01 9.533248888785e-01 1.997583815633e-01
8.688917752475e-01 1.997583815633e-01 6.072433327473e-01
Mode 6
-3.513706416049e-01 -2.336843868318e-01 -3.848621901026e-01
-2.336843868318e-01 8.232333518873e-01 -1.248129225891e+00
-3.848621901026e-01 -1.248129225891e+00 -8.374674912877e-01
Mode 7
-3.190806873964e-01 2.379059404462e-01 -1.019771781142e+00
2.379059404462e-01 -2.901566924070e-01 1.410487442337e-01
-1.019771781142e+00 1.410487442337e-01 6.613585743416e-01
Mode 8
-1.497300565150e-01 -1.333931914003e-01 3.644847968090e-02
-1.333931914003e-01 6.872858242329e-01 -8.785326322846e-02
3.644847968090e-02 -8.785326322846e-02 1.029127668881e+00
Mode 9
9.569380720343e-01 1.030882414878e+00 5.467673843867e-01
1.030882414878e+00 1.475461126887e+00 6.906218625035e-01
5.467673843867e-01 6.906218625035e-01 1.023749229451e+00
Mode 10
-3.088946077147e-01 -3.520313642672e-01 3.516517996724e-01
-3.520313642672e-01 -5.834811183860e-01 -4.160831351088e-02
3.516517996724e-01 -4.160831351088e-02 -2.310065475748e+00
Mode 11
-3.576214626148e-02 4.784503766343e-01 1.369892428395e-02
4.784503766343e-01 1.633375510847e+00 1.348557961158e+00
1.369892428395e-02 1.348557961158e+00 -4.302738657056e-01
Mode 12
5.827915595441e-01 7.934720046778e-01 3.293339950503e-01
7.934720046778e-01 1.275821885784e+00 1.515378537700e-01
3.293339950503e-01 1.515378537700e-01 -7.731836345172e-01
Mode 13
7.975831487163e-01 3.701163203700e-01 5.878370459917e-01
3.701163203700e-01 1.211460834302e+00 -7.090620548604e-01
5.878370459917e-01 -7.090620548604e-01 5.753740207040e-01
Mode 14
-3.036705519940e-01 -6.819921306996e-01 8.394733514643e-03
-6.819921306996e-01 -1.148100652351e+00 -5.209960727817e-01
8.394733514643e-03 -5.209960727817e-01 3.223640359570e+00
Mode 15
6.678121900146e-01 3.205450087743e-01 3.459810619375e-01
3.205450087743e-01 -1.397844547171e+00 -5.232772353528e-01
3.459810619375e-01 -5.232772353528e-01 1.134050883742e-01
Mode 16
2.596646418072e-01 -4.263233884324e-01 5.259581301300e-01
-4.263233884324e-01 -6.645815393677e-01 1.083366855172e+00
5.259581301300e-01 1.083366855172e+00 1.192447186396e+00
Mode 17
-4.458444720063e-01 -7.904217867308e-02 1.228125418718e+00
-7.904217867308e-02 -4.353786272037e-03 7.092527445717e-01
1.228125418718e+00 7.092527445717e-01 -1.785694973463e-01
Mode 18
6.397625328291e-01 1.568620629769e-01 -1.374102149500e+00
1.568620629769e-01 -1.004955448734e+00 1.723450497270e-01
-1.374102149500e+00 1.723450497270e-01 1.996599044595e-01
Mode 19
-3.320242229336e-01 7.727015881007e-01 -1.954953517511e+00
7.727015881007e-01 1.582205001503e+00 7.122233035370e-01
-1.954953517511e+00 7.122233035370e-01 3.939195700555e-01
Mode 20
4.475338134052e-01 1.508218955854e+00 -1.876332418293e-01
1.508218955854e+00 -8.782993379115e-01 2.877515305695e-01
-1.876332418293e-01 2.877515305695e-01 8.507611789036e-01
Mode 21
1.275980179293e+00 5.999397081101e-01 3.317111502058e-01
5.999397081101e-01 -8.214585519636e-01 1.252424539226e-01
3.317111502058e-01 1.252424539226e-01 7.391149524438e-01
Mode 22
4.342101579978e-01 -2.757325451003e-01 -2.076904732031e-01
-2.757325451003e-01 -2.595728730373e+00 -4.895596256710e-01
-2.076904732031e-01 -4.895596256710e-01 4.763322692030e-01
Mode 23
-8.879195620072e-01 -1.285277782541e-01 -5.615806064932e-01
-1.285277782541e-01 -6.346906399585e-01 6.581378235388e-01
-5.615806064932e-01 6.581378235388e-01 3.063604631781e-01
Mode 24
-1.003167749459e-01 -2.773957934646e-01 -1.168563126937e+00
-2.773957934646e-01 6.189486980183e-01 -1.232360738671e+00
-1.168563126937e+00 -1.232360738671e+00 -1.144528040985e+00
Mode 25
-1.305104897924e-01 4.400776034154e-02 -9.123509454777e-01
4.400776034154e-02 -6.975441668547e-01 -8.442215995080e-01
-9.123509454777e-01 -8.442215995080e-01 -2.750677309702e-01
Mode 26
3.765873549251e-01 -1.142339215438e+00 1.474828416952e+00
-1.142339215438e+00 3.004019330398e-01 1.559740972412e+00
1.474828416952e+00 1.559740972412e+00 -7.274985781938e-01
Mode 27
1.250277672063e-01 -1.907368163624e+00 -8.087649680970e-01
-1.907368163624e+00 -2.231495956178e+00 -1.754194843330e+00
-8.087649680970e-01 -1.754194843330e+00 -3.673030070305e-01
Mode 28
-5.772338206352e-01 -1.178648882475e+00 -1.338180998290e-01
-1.178648882475e+00 -1.524083657456e+00 -4.275354633065e-01
-1.338180998290e-01 -4.275354633065e-01 2.350724332803e-01
Mode 29
2.225599755231e+00 3.882748382025e+00 6.593088690955e-02
3.882748382025e+00 6.759028736290e+00 -6.286095680637e-01
6.593088690955e-02 -6.286095680637e-01 3.370812273058e+00
Mode 30
3.953486074091e+00 -1.227150077214e+00 -1.154045594226e+00
-1.227150077214e+00 8.149165194018e+00 5.079020627209e+00
-1.154045594226e+00 5.079020627209e+00 4.237455195119e+00
Mode 31
7.696254418128e+00 -3.756809204584e+00 -1.571774128615e+00
-3.756809204584e+00 2.652976085600e+00 1.170606590127e+00
-1.571774128615e+00 1.170606590127e+00 1.856438750898e+00
Mode 32
-1.608128824392e+00 1.578928253294e+00 3.372567396218e+00
1.578928253294e+00 -4.544935387443e+00 8.699014182044e-01
3.372567396218e+00 8.699014182044e-01 -2.565959051759e+00
Mode 33
-9.991018797696e+00 -3.207689332087e+00 -2.873411570827e+00
-3.207689332087e+00 -1.297784489086e+00 9.332664447589e-01
-2.873411570827e+00 9.332664447589e-01 -1.086020981493e+00
Mode 34
2.590282869464e+00 1.747969433364e-01 -1.268222962567e+00
1.747969433364e-01 -7.687999202021e+00 3.158982387061e+00
-1.268222962567e+00 3.158982387061e+00 -3.500720007514e-01
Mode 35
1.306909664040e+00 -4.829473884174e-01 3.208324959252e+00
-4.829473884174e-01 2.214144074777e+00 -3.299769423407e+00
3.208324959252e+00 -3.299769423407e+00 1.098013475233e+01
--
