Number of atoms 
10
--
Anisotropy 
55.344
--
Frequencies 
-146.032600000000
208.105100000000
267.557300000000
424.931200000000
457.841800000000
616.600400000000
644.317400000000
673.902000000000
768.670500000000
818.585700000000
861.188200000000
889.566100000000
907.117300000000
944.585900000000
1091.007500000000
1114.724700000000
1228.749400000000
1388.790500000000
1453.057300000000
1562.918600000000
2685.696300000000
3207.778500000000
3250.172200000000
3252.033100000000
--
Displacements 
Mode 0
4.161682551651e-03 -4.099379535459e-02 1.479574521705e-03
-2.392040394533e-03 3.151098953391e-02 1.155716810002e-03
-3.014438631948e-03 5.353917324713e-02 4.946724951712e-03
1.769642157118e-03 -9.482805820683e-03 2.635291331708e-03
3.539284314235e-03 -1.896561164137e-02 5.270582663415e-03
1.769642157118e-03 -9.482805820683e-03 2.635291331708e-03
-3.639719932310e-03 9.899400521043e-01 -2.333597758850e-03
1.601488145504e-03 1.173960451655e-01 3.950166480206e-03
4.161682551651e-03 -4.099379535459e-02 1.479574521705e-03
3.014438631948e-03 -5.353917324713e-02 -4.946724951712e-03
Mode 1
7.905522490286e-04 -1.489070346994e-01 -5.105883290208e-03
7.403344399912e-04 3.365801855321e-01 -3.637390837925e-03
1.887578359693e-03 3.491255634246e-01 2.788908635492e-03
7.905522490286e-04 -1.489070346994e-01 -5.105883290208e-03
-4.542442258022e-04 -1.048506672730e-01 2.476132993212e-03
2.860902141890e-04 2.317295182591e-01 -1.161257844713e-03
1.988013977768e-03 -6.218488770383e-01 -1.480762690734e-04
3.132374834524e-03 3.050691959982e-01 -4.793107647927e-03
2.728348417759e-03 -2.852686915063e-01 -3.785467106999e-03
3.132374834524e-03 3.050691959982e-01 -4.793107647927e-03
Mode 2
-1.973732077982e-01 -3.857389513304e-03 4.276607755655e-02
2.871037965172e-01 -1.501328019419e-03 2.948145246735e-02
2.127853933695e-01 -4.758237766830e-03 -1.220644728902e-01
-6.379810276016e-02 -3.551999352520e-03 -1.217258616104e-01
-1.608848600592e-02 3.293090296963e-03 1.364929162057e-01
2.070118508014e-01 1.400668512251e-04 1.650638482801e-01
-2.482113949673e-01 4.462524626179e-03 -4.623539653581e-01
2.776705104637e-01 3.156907164594e-04 -2.991638145869e-01
-1.566176560187e-01 -2.007461551881e-03 2.497336179238e-01
2.625302388161e-01 1.727190897541e-03 3.232257578207e-01
Mode 3
-1.618199407845e-02 -5.078446878382e-03 -5.007118457206e-01
8.524941743473e-02 -8.387877100979e-04 -6.026469333048e-02
1.483712197602e-01 -2.609325340749e-03 1.186556891520e-01
-6.217358796716e-02 -1.110524852309e-04 3.069762737194e-01
-4.853104455306e-02 7.561260553185e-04 2.250425870540e-01
2.386354366489e-04 -4.552215512626e-03 2.111379179282e-01
-3.865100435116e-03 -1.180981955977e-03 -4.949582470070e-01
1.242083759585e-01 -3.181414276190e-03 1.707693120703e-01
-4.447892797288e-03 1.868018236199e-03 1.994410357914e-01
8.151110355909e-02 3.699855922845e-03 4.139350807346e-01
Mode 4
-6.223982374154e-04 2.202818371322e-02 3.791008141710e-03
3.707438325848e-03 -1.458444626275e-01 3.955707514917e-03
-3.363080232264e-04 2.537577019724e-01 2.629750296996e-03
1.937796168731e-03 -1.363616568069e-01 1.320416183209e-03
-1.651705954542e-03 3.680911750660e-01 -2.481674027923e-03
-2.678130608722e-03 -2.002185287252e-01 2.316974654716e-03
-4.542442258022e-04 -1.048506672730e-01 2.476132993212e-03
-2.442258203570e-03 5.169982097654e-01 2.624209262285e-03
4.565708968415e-03 5.493440921498e-01 4.719339807767e-04
5.044620348396e-04 -3.806365529585e-01 -3.944625445495e-03
Mode 5
1.769642157118e-03 -9.482805820683e-03 2.635291331708e-03
7.403344399912e-04 3.365801855321e-01 -3.637390837925e-03
-1.601488145504e-03 -1.173960451655e-01 -3.950166480206e-03
0.000000000000e+00 0.000000000000e+00 0.000000000000e+00
1.601488145504e-03 1.173960451655e-01 3.950166480206e-03
6.099478720381e-03 -1.773554521614e-01 2.799990704915e-03
-2.846284620335e-03 -7.333967773904e-02 3.631849803214e-03
-6.335351125533e-03 -5.398612863292e-01 -3.107225312484e-03
4.161682551651e-03 -4.099379535459e-02 1.479574521705e-03
1.533769751966e-03 -7.266995443113e-01 2.328056724138e-03
Mode 6
1.276088602969e-02 -2.555054516421e-03 9.607617542427e-02
1.481325843235e-01 1.942890171878e-03 -9.248222877618e-02
2.020597360322e-01 -2.562844235521e-03 -3.106919541971e-02
-2.347076515290e-01 1.926183920077e-03 2.404342074856e-01
-1.055357887452e-02 2.947001191534e-03 -3.617733228928e-01
1.948670356208e-01 -3.005790410955e-03 -2.934583507968e-01
-1.567777210651e-02 -5.075175554375e-04 -1.051377662294e-01
3.029536470865e-01 -2.422028037557e-04 -3.181493816665e-01
1.317452332954e-01 -1.235252780305e-03 -4.723787332793e-01
2.253076439625e-01 -2.761076770624e-03 -2.371262153941e-01
Mode 7
0.000000000000e+00 0.000000000000e+00 0.000000000000e+00
-1.769642157118e-03 9.482805820683e-03 -2.635291331708e-03
2.223886382920e-03 9.536786145227e-02 1.591583384960e-04
0.000000000000e+00 0.000000000000e+00 0.000000000000e+00
-3.993528540037e-03 -8.588505563159e-02 -2.794449670204e-03
-2.846284620335e-03 -7.333967773904e-02 3.631849803214e-03
-4.161682551651e-03 4.099379535459e-02 -1.479574521705e-03
2.183718206506e-04 -6.123660712177e-01 -2.783367600781e-03
8.582706425670e-04 6.951885547774e-01 -3.483773534140e-03
7.403344399912e-04 3.365801855321e-01 -3.637390837925e-03
Mode 8
1.769642157118e-03 -9.482805820683e-03 2.635291331708e-03
4.542442258022e-04 1.048506672730e-01 -2.476132993212e-03
-1.601488145504e-03 -1.173960451655e-01 -3.950166480206e-03
0.000000000000e+00 0.000000000000e+00 0.000000000000e+00
4.161682551651e-03 -4.099379535459e-02 1.479574521705e-03
-2.846284620335e-03 -7.333967773904e-02 3.631849803214e-03
3.014438631948e-03 -5.353917324713e-02 -4.946724951712e-03
-3.925810146499e-03 7.582105338452e-01 -1.172339914136e-03
-2.442258203570e-03 5.169982097654e-01 2.624209262285e-03
1.887578359693e-03 3.491255634246e-01 2.788908635492e-03
Mode 9
5.157471718936e-03 8.026071605459e-04 7.531770248231e-02
8.076824615050e-02 3.681142112527e-03 -1.927769166849e-01
6.084793819640e-02 3.141338867087e-03 -2.192889883404e-01
1.859712500263e-01 7.302460614420e-04 1.054237207860e-01
-4.256310163245e-01 -1.506973228112e-03 -6.112255700022e-02
-1.832597208991e-01 4.232629936616e-03 2.445321123669e-02
-4.167048765090e-02 -2.620249431967e-03 -3.609109374234e-01
8.857701741096e-02 -1.576823490640e-03 -2.928337849604e-01
-4.173513015791e-01 4.579020780923e-04 -9.755860493032e-02
-3.485522265202e-02 -1.028606990558e-03 4.750621595345e-01
Mode 10
-1.796593255762e-03 -4.192554527514e-03 2.406646503347e-02
-2.932031552061e-02 -1.374696095987e-03 -2.320407956406e-02
-2.119639655706e-01 -2.842977937971e-03 -3.611968919800e-01
1.591236306056e-03 6.092858453715e-03 9.674887618407e-02
2.376578160928e-01 -1.515523434644e-03 1.005806424653e-01
-7.159421924403e-03 -3.094857761860e-03 6.956410376870e-02
-3.583671549726e-02 3.504894711749e-03 -3.427877558132e-01
-1.186734688271e-01 2.835325170761e-03 -6.690355511688e-01
3.734735067730e-01 -3.470098185173e-03 2.344814975460e-03
-8.371841071426e-02 -4.091802597959e-03 -1.482379332660e-01
Mode 11
0.000000000000e+00 0.000000000000e+00 0.000000000000e+00
-6.223982374154e-04 2.202818371322e-02 3.791008141710e-03
-1.769642157118e-03 9.482805820683e-03 -2.635291331708e-03
0.000000000000e+00 0.000000000000e+00 0.000000000000e+00
3.993528540037e-03 8.588505563159e-02 2.794449670204e-03
1.937796168731e-03 -1.363616568069e-01 1.320416183209e-03
-1.769642157118e-03 9.482805820683e-03 -2.635291331708e-03
-1.601488145504e-03 -1.173960451655e-01 -3.950166480206e-03
-4.565708968415e-03 -5.493440921498e-01 -4.719339807767e-04
2.459758788071e-03 8.125845999429e-01 4.663929460654e-04
Mode 12
-2.445942591821e-03 4.160268837513e-03 5.455922954035e-02
3.327599976230e-03 -7.380357805425e-04 -2.325690916300e-01
2.701003746399e-01 1.021440807000e-03 1.203097161690e-02
-4.812033065365e-02 -3.044481797082e-03 -1.658809538104e-02
1.512881058370e-01 4.532467311096e-04 1.277172799571e-01
-3.329835415287e-01 -3.803118688976e-03 2.018656382880e-02
-6.483121489699e-03 2.227679221311e-03 1.236958289664e-02
2.139659157761e-01 5.135228539285e-03 2.163150857290e-01
6.381777742573e-01 1.300950973908e-03 -2.720798338182e-01
-3.645444426915e-01 -2.917849873650e-03 -6.927362741245e-02
Mode 13
2.640342944379e-02 -1.687875975871e-03 1.414248875894e-02
1.052030038758e-02 -2.950896051085e-04 2.982006374708e-02
-3.064596529138e-02 1.655590285870e-03 6.448320581489e-02
-2.916886076820e-03 -3.062572071858e-03 -9.061590805125e-03
-2.916886076820e-03 -3.062572071858e-03 -9.061590805125e-03
-2.640342944379e-02 1.687875975871e-03 -1.414248875894e-02
-7.238300991616e-02 4.339164026754e-03 -9.603342499000e-01
-7.136823858398e-02 -2.846249261979e-03 1.894689245933e-01
1.588312905622e-02 -1.392786370763e-03 -1.567757498815e-02
-6.088121668334e-02 -4.894272806615e-04 -1.126642708053e-01
Mode 14
0.000000000000e+00 0.000000000000e+00 0.000000000000e+00
7.603414310757e-03 -3.357661676967e-03 2.075847294196e-02
5.460345214335e-02 8.168025757717e-04 4.218512484405e-03
2.916886076820e-03 3.062572071858e-03 9.061590805125e-03
4.037178897878e-03 1.932589616202e-03 4.218964664372e-02
-3.984061590819e-02 -1.079606490878e-03 -5.302414331115e-02
2.916886076820e-03 3.062572071858e-03 9.061590805125e-03
1.713804922539e-01 1.744657636774e-03 -2.985392487506e-01
-4.575693528997e-01 5.269918531887e-04 4.230011933394e-01
-2.596466312262e-01 3.987292760743e-03 -6.461174261613e-01
Mode 15
1.120292821058e-03 -1.129982455656e-03 3.312805583859e-02
-2.843865813620e-02 2.047536960983e-03 -2.012139416537e-01
-2.104060077515e-02 5.901792102169e-04 -5.964012749417e-02
-1.588312905622e-02 1.392786370763e-03 1.567757498815e-02
3.984061590819e-02 1.079606490878e-03 5.302414331115e-02
9.868660389912e-02 1.928694756652e-03 -2.138303877827e-02
-3.566235412879e-03 5.290251293169e-03 2.143117370176e-02
-3.071629044471e-01 -2.441994472672e-03 7.287283353861e-01
-3.776827641336e-01 7.859009087452e-04 4.082341387441e-01
1.022528393120e-01 -3.361556536517e-03 -4.281421248003e-02
Mode 16
-2.916886076820e-03 -3.062572071858e-03 -9.061590805125e-03
1.143643760056e-01 2.436212312089e-03 8.375472745112e-02
-1.276088602969e-02 2.555054516421e-03 -9.607617542427e-02
2.916886076820e-03 3.062572071858e-03 9.061590805125e-03
-8.928659633261e-02 -1.093801906104e-03 1.807504668676e-02
1.052030038758e-02 -2.950896051085e-04 2.982006374708e-02
1.500147167181e-02 -4.815019427733e-03 1.623322871015e-01
-2.293115443734e-01 -1.823424432003e-03 5.268898278961e-01
2.964705255968e-01 1.985476417555e-03 -3.057797987699e-01
-2.350397950382e-01 -1.893137742643e-03 -6.079084723689e-01
Mode 17
7.603414310757e-03 -3.357661676967e-03 2.075847294196e-02
-1.694118205353e-01 3.199504550966e-03 -1.782958166462e-01
-1.325649770763e-03 3.030286381856e-03 8.768728537895e-02
1.588312905622e-02 -1.392786370763e-03 -1.567757498815e-02
-1.440954054257e-01 -1.030055567549e-05 1.346718754199e-01
2.130509799048e-01 4.364907068741e-03 6.237168867285e-02
-6.277764539994e-03 3.273752951102e-04 -1.084457583209e-01
1.745027352804e-01 2.906925782432e-03 -4.102929991630e-01
4.692099461084e-01 -1.952063913953e-03 -3.600530737537e-01
2.790115767732e-02 -3.966554697502e-03 -5.263133969833e-01
Mode 18
9.400007566519e-03 8.348928505477e-04 -3.307992091511e-03
-4.130754872445e-01 -2.161723818332e-03 1.557689596416e-01
3.121482977033e-01 2.492993972992e-03 -2.006420325405e-01
0.000000000000e+00 0.000000000000e+00 0.000000000000e+00
4.337357283413e-02 -1.558733215864e-03 -3.003602895364e-01
6.807391709469e-02 9.323734560956e-04 3.750534261824e-01
-1.659270797786e-02 -1.277839025982e-03 -2.590811632855e-01
1.584808062484e-01 8.961929065436e-04 3.901064353342e-01
-3.258241196043e-01 -7.082609271158e-04 -4.937753993990e-02
-1.799321209229e-01 3.494594156074e-03 -2.081158803933e-01
Mode 19
9.400007566519e-03 8.348928505477e-04 -3.307992091511e-03
-2.411907730187e-01 4.153863141387e-03 2.528037903822e-01
2.058582794934e-01 3.921960893307e-03 -2.000174667042e-01
0.000000000000e+00 0.000000000000e+00 0.000000000000e+00
-9.797702497748e-02 7.419306400928e-04 2.961417770520e-01
4.292958044777e-02 4.893786222962e-03 -3.906828662470e-01
-1.031494343787e-02 -1.605214321092e-03 -1.506354049646e-01
8.171646050879e-02 1.799551996645e-03 2.931197395170e-01
2.694240742052e-01 -4.301096176170e-03 6.922549248896e-02
3.874149152093e-01 3.868313604522e-03 4.368005490189e-01
Mode 20
3.111690877638e-02 5.567250623501e-03 -8.623854694066e-04
0.000000000000e+00 0.000000000000e+00 0.000000000000e+00
0.000000000000e+00 0.000000000000e+00 0.000000000000e+00
0.000000000000e+00 0.000000000000e+00 0.000000000000e+00
0.000000000000e+00 0.000000000000e+00 0.000000000000e+00
0.000000000000e+00 0.000000000000e+00 0.000000000000e+00
-9.966830878455e-01 6.039369957911e-06 1.001140467984e-01
0.000000000000e+00 0.000000000000e+00 0.000000000000e+00
0.000000000000e+00 0.000000000000e+00 0.000000000000e+00
0.000000000000e+00 0.000000000000e+00 0.000000000000e+00
Mode 21
0.000000000000e+00 0.000000000000e+00 0.000000000000e+00
0.000000000000e+00 0.000000000000e+00 0.000000000000e+00
0.000000000000e+00 0.000000000000e+00 0.000000000000e+00
0.000000000000e+00 0.000000000000e+00 0.000000000000e+00
-1.231689364334e-02 -3.897464922406e-03 -5.753598713615e-03
8.636971025579e-02 -1.968770165754e-03 -2.713663749189e-02
0.000000000000e+00 0.000000000000e+00 0.000000000000e+00
0.000000000000e+00 0.000000000000e+00 0.000000000000e+00
1.289218552911e-01 4.073712323183e-03 1.557644378419e-01
-9.096037986680e-01 7.078946009485e-04 3.477361475802e-01
Mode 22
0.000000000000e+00 0.000000000000e+00 0.000000000000e+00
-9.400007566519e-03 -8.348928505477e-04 3.307992091511e-03
7.160687402063e-02 -1.705966250647e-03 2.166899333485e-02
0.000000000000e+00 0.000000000000e+00 0.000000000000e+00
2.283719403091e-02 3.602375317297e-03 3.557366246070e-02
9.400007566519e-03 8.348928505477e-04 -3.307992091511e-03
0.000000000000e+00 0.000000000000e+00 0.000000000000e+00
-8.268938318977e-01 -4.342161446982e-03 -2.951740781362e-01
-2.918505543367e-01 -3.101886993528e-03 -3.464298373847e-01
-8.345282417897e-02 5.031342237612e-03 3.619822829701e-02
Mode 23
0.000000000000e+00 0.000000000000e+00 0.000000000000e+00
0.000000000000e+00 0.000000000000e+00 0.000000000000e+00
-3.580343701031e-02 8.529831253236e-04 -1.083449666743e-02
0.000000000000e+00 0.000000000000e+00 0.000000000000e+00
4.275750198501e-02 4.142178562737e-03 6.208573411627e-02
1.880001513304e-02 1.669785701095e-03 -6.615984183021e-03
0.000000000000e+00 0.000000000000e+00 0.000000000000e+00
4.383919023542e-01 -1.048081288309e-03 1.571987324245e-01
-5.420638995095e-01 -9.316129686631e-04 -6.639019964918e-01
-1.586528847111e-01 -1.647800566769e-03 6.266216502910e-02
--
Dipole derivatives 
Mode 0
-9.692698887724e-02 7.856584147247e-02 -3.745658134651e-02
Mode 1
4.611020682294e-02 -3.828092597548e-02 1.825582068520e-02
Mode 2
-7.391336556527e-03 -1.174595120332e-02 -7.688718280533e-03
Mode 3
-1.919094902522e-04 5.193841632022e-03 1.032954387349e-02
Mode 4
9.535884208310e-03 -7.413350382045e-03 4.056469710069e-03
Mode 5
8.928630273843e-02 -7.560048504350e-02 3.086289119216e-02
Mode 6
2.820248021920e-03 -1.814403167987e-02 -4.785280588641e-02
Mode 7
-4.470800507600e-02 3.455015451222e-02 -1.798316568943e-02
Mode 8
-1.914064930310e-01 1.535728505353e-01 -7.471117199011e-02
Mode 9
4.111524911262e-03 -9.316482531002e-03 -2.909739244257e-02
Mode 10
6.240542215631e-03 -5.525909523977e-02 -1.437690252444e-01
Mode 11
-2.287990504797e-04 1.715657865650e-03 -6.761588061413e-04
Mode 12
-5.347626757990e-02 -1.021982580172e-01 -8.191436519273e-02
Mode 13
4.305177040465e-02 3.565672772290e-02 -3.671678377411e-02
Mode 14
-3.400925069378e-02 -9.468217901138e-03 6.618954803087e-02
Mode 15
-4.860674113748e-02 -6.480951838757e-02 -1.055833972253e-02
Mode 16
-3.896424784904e-02 -6.731232654326e-03 9.281222617442e-02
Mode 17
-3.929440767315e-02 -7.959409714983e-02 -6.635570257251e-02
Mode 18
2.186982333666e-02 8.201977962147e-03 -4.105556109230e-02
Mode 19
4.188597158954e-02 1.002541032153e-01 1.115586811930e-01
Mode 20
1.390712313499e-02 -2.462506752125e-03 -4.113158871894e-02
Mode 21
1.831472256735e-02 1.078317384825e-02 -3.220203743178e-02
Mode 22
-2.134385156037e-02 -1.340546970521e-02 3.141889373980e-02
Mode 23
4.965251074688e-04 -1.348768155010e-02 -2.461056749512e-02
--
Polarizability derivatives 
Mode 0
-6.225232439630e-01 4.736470768185e-01 1.252606266908e+00
4.736470768185e-01 -3.661564944821e-01 -9.764038985708e-01
1.252606266908e+00 -9.764038985708e-01 1.022637275071e+00
Mode 1
7.595740869917e-01 7.168604006676e-02 -6.464834697759e-02
7.168604006676e-02 -5.929385199065e-01 2.850684244302e-01
-6.464834697759e-02 2.850684244302e-01 -1.510062624644e-01
Mode 2
2.079022711006e-01 2.627510388384e-01 -4.033042860941e-02
2.627510388384e-01 1.319352612895e-01 -4.365853865174e-01
-4.033042860941e-02 -4.365853865174e-01 -8.001686574485e-01
Mode 3
5.051846434427e-01 7.779251018419e-01 5.485337162499e-01
7.779251018419e-01 1.564905891489e+00 1.147544894941e+00
5.485337162499e-01 1.147544894941e+00 1.127838078539e+00
Mode 4
-8.364702396867e-02 -2.936156326198e-01 -6.602562272834e-01
-2.936156326198e-01 5.644646547450e-01 3.683930424236e-01
-6.602562272834e-01 3.683930424236e-01 -4.681591328040e-01
Mode 5
-1.676785710781e-01 7.936827819141e-04 1.161218884341e-02
7.936827819141e-04 1.736752501605e-01 -7.182507220482e-02
1.161218884341e-02 -7.182507220482e-02 5.653027621798e-02
Mode 6
-5.634101533755e-01 -7.845139700544e-01 -1.168700434579e-01
-7.845139700544e-01 -4.885353995752e-01 9.219704259637e-01
-1.168700434579e-01 9.219704259637e-01 2.383671918145e+00
Mode 7
-1.167790964309e+00 -1.611110338075e-01 3.384580256114e-02
-1.611110338075e-01 9.304929505919e-01 -3.935636754238e-01
3.384580256114e-02 -3.935636754238e-01 1.619192387332e-01
Mode 8
-5.220784486178e-02 1.170488973163e-01 2.684564457265e-01
1.170488973163e-01 -1.756648590484e-01 -1.925737543580e-01
2.684564457265e-01 -1.925737543580e-01 3.129833114016e-01
Mode 9
-7.644582198405e-01 -5.877801671448e-01 8.439557604348e-01
-5.877801671448e-01 -5.072027084639e-01 4.401578861643e-01
8.439557604348e-01 4.401578861643e-01 -1.291116907800e+00
Mode 10
9.827837116810e-01 1.054261058481e+00 -2.934482108865e-01
1.054261058481e+00 1.530772799036e+00 4.493427914186e-01
-2.934482108865e-01 4.493427914186e-01 1.736450037984e+00
Mode 11
-4.078131772668e-01 3.603063590432e-02 2.133850600634e-01
3.603063590432e-02 1.478932588416e-01 -2.855783265130e-01
2.133850600634e-01 -2.855783265130e-01 2.169954872455e-01
Mode 12
-2.534759152540e-01 -2.337460224577e-01 2.492998497559e-01
-2.337460224577e-01 -3.965379719914e-01 -2.406601648841e-01
2.492998497559e-01 -2.406601648841e-01 -1.176339097905e+00
Mode 13
-6.039320408356e-01 -6.995423187760e-01 2.089384397643e-01
-6.995423187760e-01 -1.851837643637e-01 1.437482192832e+00
2.089384397643e-01 1.437482192832e+00 2.733961803758e+00
Mode 14
-3.485162386610e-01 1.410817347715e-01 1.141138023423e+00
1.410817347715e-01 5.824031091612e-01 9.087531205243e-01
1.141138023423e+00 9.087531205243e-01 -1.180642092393e+00
Mode 15
2.803224388434e-01 2.902276816915e-01 4.016390485273e-02
2.902276816915e-01 1.156988190931e+00 1.602922786935e+00
4.016390485273e-02 1.602922786935e+00 3.528992329181e+00
Mode 16
2.868821296008e-02 -3.349526730284e-02 -2.952882762962e-01
-3.349526730284e-02 -2.169242273014e-01 -3.189782929800e-01
-2.952882762962e-01 -3.189782929800e-01 -7.367756760453e-02
Mode 17
-1.383860457639e-01 -3.900211006089e-01 2.793493502753e-01
-3.900211006089e-01 1.691249413737e-01 8.142453195171e-01
2.793493502753e-01 8.142453195171e-01 1.338713560142e+00
Mode 18
-3.295800541835e+00 -2.984970793433e+00 1.126226703514e+00
-2.984970793433e+00 -3.506458739665e+00 1.313284837952e+00
1.126226703514e+00 1.313284837952e+00 -6.011454279573e-01
Mode 19
4.307967265460e-01 2.982946557233e-01 -3.449191218290e-01
2.982946557233e-01 -8.581953209577e-02 -1.096595795202e+00
-3.449191218290e-01 -1.096595795202e+00 -1.428987234373e+00
Mode 20
-1.429471397627e+00 -6.361472135520e-01 3.074613227631e+00
-6.361472135520e-01 -9.373510264449e-01 -7.288456026361e-01
3.074613227631e+00 -7.288456026361e-01 -9.708888443155e+00
Mode 21
-7.598091521471e-01 7.991492642568e-01 3.089029597436e+00
7.991492642568e-01 8.526733895188e-01 3.773799026043e-01
3.089029597436e+00 3.773799026043e-01 -7.823748111506e+00
Mode 22
9.209434884684e-01 -1.942769149961e-01 -2.734367872674e+00
-1.942769149961e-01 -1.214698123891e+00 -2.422974875418e+00
-2.734367872674e+00 -2.422974875418e+00 2.179028178262e+00
Mode 23
-6.492647158246e+00 -6.067472605840e+00 2.642253843438e+00
-6.067472605840e+00 -7.089439397066e+00 1.898675085394e+00
2.642253843438e+00 1.898675085394e+00 -3.497942815790e+00
--
