Number of atoms 
13
--
Anisotropy 
69.579
--
Frequencies 
39.661000000000
78.014700000000
92.285200000000
130.181100000000
157.706000000000
269.976000000000
280.769400000000
386.616300000000
461.009900000000
742.051100000000
773.811900000000
862.749900000000
1020.556400000000
1048.421200000000
1049.898700000000
1107.063400000000
1200.694600000000
1203.736500000000
1265.465700000000
1280.303200000000
1304.483800000000
1345.014200000000
1458.651800000000
1467.403300000000
1481.724600000000
1512.988400000000
2952.209600000000
2984.370800000000
3046.335600000000
3060.375700000000
3094.344000000000
3122.742700000000
3831.498900000000
--
Displacements 
Mode 0
0.000000000000e+00 -1.300000000000e-01 0.000000000000e+00
0.000000000000e+00 2.400000000000e-01 0.000000000000e+00
0.000000000000e+00 1.000000000000e-02 0.000000000000e+00
0.000000000000e+00 -2.500000000000e-01 0.000000000000e+00
0.000000000000e+00 -1.100000000000e-01 0.000000000000e+00
-1.946388375195e-01 1.700000000000e-01 8.553199944489e-02
1.946388375195e-01 1.700000000000e-01 -8.553199944489e-02
1.760968804509e-01 -3.800000000000e-01 -5.991567987970e-02
-1.760968804509e-01 -3.800000000000e-01 5.991567987970e-02
2.483362057298e-01 -3.000000000000e-01 -8.960540677743e-02
-2.483362057298e-01 -3.000000000000e-01 8.960540677743e-02
0.000000000000e+00 3.000000000000e-02 0.000000000000e+00
0.000000000000e+00 1.500000000000e-01 0.000000000000e+00
Mode 1
-9.356583617011e-02 0.000000000000e+00 2.640936089757e-01
2.633409815501e-01 0.000000000000e+00 -1.373008646595e-01
-4.501432746090e-02 0.000000000000e+00 1.430863736463e-01
-9.656679133417e-02 0.000000000000e+00 2.736327005521e-01
1.948552388609e-01 0.000000000000e+00 1.137164714914e-01
-9.378223751147e-02 0.000000000000e+00 6.484513803934e-02
-9.378223751147e-02 0.000000000000e+00 6.484513803934e-02
-7.095047176897e-02 0.000000000000e+00 2.921746576207e-01
-7.095047176897e-02 0.000000000000e+00 2.921746576207e-01
2.692394684767e-01 0.000000000000e+00 2.104996641670e-01
2.692394684767e-01 0.000000000000e+00 2.104996641670e-01
-1.061154374489e-02 0.000000000000e+00 -6.623741495069e-02
4.465122244976e-01 0.000000000000e+00 -1.530582679054e-01
Mode 2
0.000000000000e+00 -9.000000000000e-02 0.000000000000e+00
0.000000000000e+00 -5.000000000000e-02 0.000000000000e+00
0.000000000000e+00 2.300000000000e-01 0.000000000000e+00
0.000000000000e+00 2.000000000000e-01 0.000000000000e+00
0.000000000000e+00 -1.200000000000e-01 0.000000000000e+00
-6.955819485762e-02 3.600000000000e-01 1.877808763643e-01
6.955819485762e-02 3.600000000000e-01 -1.877808763643e-01
-7.394187239468e-03 2.500000000000e-01 1.234719644092e-01
7.394187239468e-03 2.500000000000e-01 -1.234719644092e-01
1.131802454072e-01 -2.900000000000e-01 -2.264734687542e-01
-1.131802454072e-01 -2.900000000000e-01 2.264734687542e-01
0.000000000000e+00 0.000000000000e+00 0.000000000000e+00
0.000000000000e+00 -3.100000000000e-01 0.000000000000e+00
Mode 3
0.000000000000e+00 -3.000000000000e-02 0.000000000000e+00
0.000000000000e+00 -1.700000000000e-01 0.000000000000e+00
0.000000000000e+00 2.000000000000e-01 0.000000000000e+00
0.000000000000e+00 -1.600000000000e-01 0.000000000000e+00
0.000000000000e+00 1.700000000000e-01 0.000000000000e+00
-2.087875625127e-01 3.200000000000e-01 -2.784553822695e-03
2.087875625127e-01 3.200000000000e-01 2.784553822695e-03
2.423342954016e-01 -3.300000000000e-01 -7.052722362459e-02
-2.423342954016e-01 -3.300000000000e-01 7.052722362459e-02
-2.057866073487e-01 2.800000000000e-01 -1.232364539911e-02
2.057866073487e-01 2.800000000000e-01 1.232364539911e-02
0.000000000000e+00 0.000000000000e+00 0.000000000000e+00
0.000000000000e+00 -6.000000000000e-02 0.000000000000e+00
Mode 4
1.907818315284e-02 0.000000000000e+00 6.001910328121e-03
7.567308312560e-02 0.000000000000e+00 3.592681233985e-01
3.262576165938e-01 0.000000000000e+00 2.925692421500e-02
2.976403418646e-01 0.000000000000e+00 2.025405872282e-02
1.496245100586e-01 0.000000000000e+00 5.755437420138e-02
3.393338894185e-01 1.000000000000e-02 5.433701769596e-02
3.393338894185e-01 -1.000000000000e-02 5.433701769596e-02
3.237928875140e-01 0.000000000000e+00 7.041424568473e-02
3.237928875140e-01 0.000000000000e+00 7.041424568473e-02
6.270023370239e-02 0.000000000000e+00 -3.269068206179e-02
6.270023370239e-02 0.000000000000e+00 -3.269068206179e-02
-6.077173070681e-02 0.000000000000e+00 -4.008486930126e-02
-1.516564364557e-01 0.000000000000e+00 3.820998891410e-01
Mode 5
0.000000000000e+00 0.000000000000e+00 0.000000000000e+00
0.000000000000e+00 -5.000000000000e-02 0.000000000000e+00
0.000000000000e+00 2.000000000000e-02 0.000000000000e+00
0.000000000000e+00 2.000000000000e-02 0.000000000000e+00
0.000000000000e+00 -4.000000000000e-02 0.000000000000e+00
-1.500477582030e-02 5.000000000000e-02 4.769545788209e-02
1.500477582030e-02 5.000000000000e-02 -4.769545788209e-02
-3.000955164060e-03 2.000000000000e-02 9.539091576419e-03
3.000955164060e-03 2.000000000000e-02 -9.539091576419e-03
-3.537181248298e-03 -6.000000000000e-02 -2.207913831690e-02
3.537181248298e-03 -6.000000000000e-02 2.207913831690e-02
0.000000000000e+00 0.000000000000e+00 0.000000000000e+00
0.000000000000e+00 9.900000000000e-01 0.000000000000e+00
Mode 6
-1.649491106218e-01 0.000000000000e+00 1.577713247237e-01
-1.223995122407e-01 0.000000000000e+00 5.584227254716e-02
1.126440193229e-01 0.000000000000e+00 -2.580916986475e-01
2.315159048537e-02 0.000000000000e+00 5.969927853833e-02
-1.736608149862e-02 0.000000000000e+00 -2.780259326275e-01
4.533415220378e-02 1.000000000000e-02 -3.107166146893e-01
4.533415220378e-02 -1.000000000000e-02 -3.107166146893e-01
1.076111377618e-01 0.000000000000e+00 1.911016562712e-01
1.076111377618e-01 0.000000000000e+00 1.911016562712e-01
-1.203675858436e-01 1.000000000000e-02 -3.838119907952e-01
-1.203675858436e-01 -1.000000000000e-02 -3.838119907952e-01
3.161822989332e-02 0.000000000000e+00 -5.362260842376e-04
-3.783463065513e-01 0.000000000000e+00 6.967117279748e-02
Mode 7
-5.428721690287e-01 0.000000000000e+00 -3.070664555011e-01
2.256174179271e-01 0.000000000000e+00 2.491922565569e-01
-7.116687311034e-02 0.000000000000e+00 9.292618668436e-02
-1.120043698372e-01 0.000000000000e+00 -7.716878343846e-02
1.803866891248e-01 0.000000000000e+00 1.930301592668e-01
-7.470405435864e-02 -1.000000000000e-02 7.084704836747e-02
-7.470405435864e-02 1.000000000000e-02 7.084704836747e-02
-1.506969622271e-01 1.000000000000e-02 -1.207908339880e-01
-1.506969622271e-01 -1.000000000000e-02 -1.207908339880e-01
2.160783263507e-01 0.000000000000e+00 2.461913013928e-01
2.160783263507e-01 0.000000000000e+00 2.461913013928e-01
6.977459619899e-02 0.000000000000e+00 1.146759457200e-02
1.277617730831e-01 0.000000000000e+00 2.603400263860e-01
Mode 8
1.073947364204e-01 0.000000000000e+00 -8.146814665071e-03
1.272255469989e-01 0.000000000000e+00 2.287217964927e-01
-1.572350986395e-01 0.000000000000e+00 -1.333308807285e-01
-2.684868410511e-01 0.000000000000e+00 2.036703666268e-02
1.750244282825e-01 0.000000000000e+00 -1.231521396663e-01
-2.964644662946e-01 0.000000000000e+00 -3.238963109155e-01
-2.964644662946e-01 0.000000000000e+00 -3.238963109155e-01
-2.886374763724e-01 -1.000000000000e-02 -4.887133345207e-02
-2.886374763724e-01 1.000000000000e-02 -4.887133345207e-02
1.464071535532e-01 1.000000000000e-02 -1.321550051585e-01
1.464071535532e-01 -1.000000000000e-02 -1.321550051585e-01
-9.539091576419e-03 0.000000000000e+00 -3.000955164060e-03
-2.391169388962e-01 0.000000000000e+00 2.602366029845e-01
Mode 9
2.840087338789e-02 0.000000000000e+00 -1.902456054441e-01
-7.984991385965e-02 0.000000000000e+00 -4.608677962938e-02
6.077173070681e-02 0.000000000000e+00 4.008486930126e-02
-9.426113636560e-03 0.000000000000e+00 5.631262277516e-01
1.446854973606e-02 0.000000000000e+00 -7.931368777541e-02
-5.476982037869e-02 2.000000000000e-02 -5.916305245410e-02
-5.476982037869e-02 -2.000000000000e-02 -5.916305245410e-02
2.165589017252e-02 -3.000000000000e-02 5.309717717740e-01
2.165589017252e-02 3.000000000000e-02 5.309717717740e-01
-4.030127064262e-02 0.000000000000e+00 -1.384767402295e-01
-4.030127064262e-02 0.000000000000e+00 -1.384767402295e-01
0.000000000000e+00 0.000000000000e+00 0.000000000000e+00
-8.938900543606e-02 0.000000000000e+00 -4.908773479344e-02
Mode 10
0.000000000000e+00 1.000000000000e-02 0.000000000000e+00
0.000000000000e+00 1.000000000000e-02 0.000000000000e+00
0.000000000000e+00 -6.000000000000e-02 0.000000000000e+00
0.000000000000e+00 -5.000000000000e-02 0.000000000000e+00
0.000000000000e+00 -1.000000000000e-02 0.000000000000e+00
-3.792023573784e-01 2.600000000000e-01 2.056831839472e-01
3.792023573784e-01 2.600000000000e-01 -2.056831839472e-01
-3.426546693255e-01 2.000000000000e-01 1.228323149235e-01
3.426546693255e-01 2.000000000000e-01 -1.228323149235e-01
-6.302005844527e-02 1.200000000000e-01 2.003209231048e-01
6.302005844527e-02 1.200000000000e-01 -2.003209231048e-01
0.000000000000e+00 0.000000000000e+00 0.000000000000e+00
0.000000000000e+00 -2.000000000000e-02 0.000000000000e+00
Mode 11
0.000000000000e+00 -1.000000000000e-02 0.000000000000e+00
0.000000000000e+00 2.000000000000e-02 0.000000000000e+00
0.000000000000e+00 -3.000000000000e-02 0.000000000000e+00
0.000000000000e+00 1.000000000000e-01 0.000000000000e+00
0.000000000000e+00 -7.000000000000e-02 0.000000000000e+00
6.913494671325e-02 8.000000000000e-02 3.467280766580e-01
-6.913494671325e-02 8.000000000000e-02 -3.467280766580e-01
2.742723500378e-01 -1.600000000000e-01 -2.386936907518e-01
-2.742723500378e-01 -1.600000000000e-01 2.386936907518e-01
-1.295772981388e-01 1.800000000000e-01 3.785627078927e-01
1.295772981388e-01 1.800000000000e-01 -3.785627078927e-01
0.000000000000e+00 0.000000000000e+00 0.000000000000e+00
0.000000000000e+00 -2.000000000000e-02 0.000000000000e+00
Mode 12
-1.254004674048e-02 0.000000000000e+00 6.538136412358e-03
2.508009348096e-02 0.000000000000e+00 -1.307627282472e-02
-1.603394772050e-01 0.000000000000e+00 2.430869228272e-01
1.390129663137e-01 0.000000000000e+00 -8.683040749309e-03
7.202292393745e-02 0.000000000000e+00 -2.289381978340e-01
-9.603056524993e-02 -1.000000000000e-02 3.052509304454e-01
-9.603056524993e-02 1.000000000000e-02 3.052509304454e-01
4.855150870920e-02 1.000000000000e-02 -1.210072353294e-01
4.855150870920e-02 -1.000000000000e-02 -1.210072353294e-01
1.011764247509e-01 0.000000000000e+00 -1.883171024485e-01
1.011764247509e-01 0.000000000000e+00 -1.883171024485e-01
0.000000000000e+00 0.000000000000e+00 0.000000000000e+00
-7.076048783092e-01 0.000000000000e+00 4.995334015890e-02
Mode 13
0.000000000000e+00 2.000000000000e-02 0.000000000000e+00
0.000000000000e+00 2.000000000000e-02 0.000000000000e+00
0.000000000000e+00 7.000000000000e-02 0.000000000000e+00
0.000000000000e+00 -8.000000000000e-02 0.000000000000e+00
0.000000000000e+00 -6.000000000000e-02 0.000000000000e+00
2.831717921285e-01 -6.000000000000e-02 9.956774649823e-02
-2.831717921285e-01 -6.000000000000e-02 -9.956774649823e-02
1.235849423491e-01 7.000000000000e-02 5.735213701551e-01
-1.235849423491e-01 7.000000000000e-02 -5.735213701551e-01
-1.107155163274e-01 8.000000000000e-02 1.853161472845e-01
1.107155163274e-01 8.000000000000e-02 -1.853161472845e-01
0.000000000000e+00 0.000000000000e+00 0.000000000000e+00
0.000000000000e+00 -1.000000000000e-02 0.000000000000e+00
Mode 14
0.000000000000e+00 0.000000000000e+00 0.000000000000e+00
5.423359429445e-02 0.000000000000e+00 2.754482256078e-02
-2.490888331554e-01 0.000000000000e+00 -1.412612940522e-01
2.600202016431e-01 0.000000000000e+00 3.986846795989e-02
-6.516496278222e-02 0.000000000000e+00 7.384800353153e-02
-3.847810195622e-01 0.000000000000e+00 -3.097475859223e-01
-3.847810195622e-01 0.000000000000e+00 -3.097475859223e-01
3.374053864229e-01 0.000000000000e+00 1.271125690590e-01
3.374053864229e-01 0.000000000000e+00 1.271125690590e-01
-9.858916319291e-03 1.000000000000e-02 1.646292858789e-01
-9.858916319291e-03 -1.000000000000e-02 1.646292858789e-01
0.000000000000e+00 0.000000000000e+00 0.000000000000e+00
1.270091456575e-01 0.000000000000e+00 2.947332555637e-02
Mode 15
3.000955164060e-03 0.000000000000e+00 -9.539091576419e-03
3.393338894185e-01 0.000000000000e+00 5.433701769596e-02
2.508009348096e-02 0.000000000000e+00 -1.307627282472e-02
-5.969927853833e-02 0.000000000000e+00 2.315159048537e-02
-4.101809377860e-01 0.000000000000e+00 -1.290410720546e-01
2.141498233551e-01 3.000000000000e-02 3.189668527559e-01
2.141498233551e-01 -3.000000000000e-02 3.189668527559e-01
3.783654156280e-02 0.000000000000e+00 1.796340616992e-01
3.783654156280e-02 0.000000000000e+00 1.796340616992e-01
-3.570197956600e-01 -2.000000000000e-02 -1.647327092804e-01
-3.570197956600e-01 2.000000000000e-02 -1.647327092804e-01
0.000000000000e+00 0.000000000000e+00 0.000000000000e+00
6.184418287528e-02 0.000000000000e+00 1.033213290879e-01
Mode 16
0.000000000000e+00 0.000000000000e+00 0.000000000000e+00
0.000000000000e+00 5.000000000000e-02 0.000000000000e+00
0.000000000000e+00 1.000000000000e-01 0.000000000000e+00
0.000000000000e+00 -3.000000000000e-02 0.000000000000e+00
0.000000000000e+00 -1.400000000000e-01 0.000000000000e+00
3.933224187566e-02 -6.000000000000e-02 -2.916384315364e-01
-3.933224187566e-02 -6.000000000000e-02 2.916384315364e-01
-2.411584198317e-01 2.000000000000e-02 -2.331150285681e-01
2.411584198317e-01 2.000000000000e-02 2.331150285681e-01
-5.189679511178e-01 1.400000000000e-01 -1.650047613316e-02
5.189679511178e-01 1.400000000000e-01 1.650047613316e-02
0.000000000000e+00 0.000000000000e+00 0.000000000000e+00
0.000000000000e+00 0.000000000000e+00 0.000000000000e+00
Mode 17
1.254004674048e-02 0.000000000000e+00 -6.538136412358e-03
-3.537181248298e-03 0.000000000000e+00 -2.207913831690e-02
-2.968972689773e-02 0.000000000000e+00 -7.223932527881e-02
-5.777077554275e-02 0.000000000000e+00 -4.962396087768e-02
1.607722798878e-02 0.000000000000e+00 1.554100190454e-02
1.833876442889e-01 -1.000000000000e-02 1.834910676904e-01
1.833876442889e-01 1.000000000000e-02 1.834910676904e-01
2.187594567719e-01 1.000000000000e-02 4.042824508594e-01
2.187594567719e-01 -1.000000000000e-02 4.042824508594e-01
1.879972777057e-01 1.000000000000e-02 2.688066657939e-01
1.879972777057e-01 -1.000000000000e-02 2.688066657939e-01
0.000000000000e+00 0.000000000000e+00 0.000000000000e+00
-4.677353119874e-01 0.000000000000e+00 2.058343800404e-02
Mode 18
-3.000955164060e-03 0.000000000000e+00 9.539091576419e-03
4.362205054956e-02 0.000000000000e+00 -3.869259238991e-02
6.870214403052e-02 0.000000000000e+00 -5.176886521463e-02
2.968972689773e-02 0.000000000000e+00 7.223932527881e-02
-5.616209729004e-02 0.000000000000e+00 4.523072880227e-02
-2.122308748979e-02 1.000000000000e-02 -1.324748299014e-01
-2.122308748979e-02 -1.000000000000e-02 -1.324748299014e-01
-2.116850942753e-01 -3.000000000000e-02 -3.601241742256e-01
-2.116850942753e-01 3.000000000000e-02 -3.601241742256e-01
9.314258802573e-02 1.000000000000e-02 2.704153440467e-01
9.314258802573e-02 -1.000000000000e-02 2.704153440467e-01
0.000000000000e+00 0.000000000000e+00 0.000000000000e+00
-6.509065549349e-01 0.000000000000e+00 3.634084124995e-02
Mode 19
0.000000000000e+00 0.000000000000e+00 0.000000000000e+00
0.000000000000e+00 -2.000000000000e-02 0.000000000000e+00
0.000000000000e+00 9.000000000000e-02 0.000000000000e+00
0.000000000000e+00 -8.000000000000e-02 0.000000000000e+00
0.000000000000e+00 3.000000000000e-02 0.000000000000e+00
3.635579320724e-01 -4.000000000000e-02 1.772727560209e-01
-3.635579320724e-01 -4.000000000000e-02 -1.772727560209e-01
-3.681675654892e-01 4.000000000000e-02 -2.625883541245e-01
3.681675654892e-01 4.000000000000e-02 2.625883541245e-01
2.787785600531e-01 -3.000000000000e-02 2.135006193310e-01
-2.787785600531e-01 -3.000000000000e-02 -2.135006193310e-01
0.000000000000e+00 0.000000000000e+00 0.000000000000e+00
0.000000000000e+00 -1.000000000000e-02 0.000000000000e+00
Mode 20
0.000000000000e+00 0.000000000000e+00 0.000000000000e+00
0.000000000000e+00 2.000000000000e-02 0.000000000000e+00
0.000000000000e+00 -5.000000000000e-02 0.000000000000e+00
0.000000000000e+00 -3.000000000000e-02 0.000000000000e+00
0.000000000000e+00 5.000000000000e-02 0.000000000000e+00
1.876774529628e-01 3.000000000000e-02 4.364369068369e-01
-1.876774529628e-01 3.000000000000e-02 -4.364369068369e-01
-7.631273261135e-02 1.000000000000e-02 -2.400764131248e-02
7.631273261135e-02 1.000000000000e-02 2.400764131248e-02
-2.825321426428e-01 0.000000000000e+00 -4.348282285842e-01
2.825321426428e-01 0.000000000000e+00 4.348282285842e-01
0.000000000000e+00 0.000000000000e+00 0.000000000000e+00
0.000000000000e+00 0.000000000000e+00 0.000000000000e+00
Mode 21
0.000000000000e+00 0.000000000000e+00 0.000000000000e+00
-3.108200380908e-02 0.000000000000e+00 3.215445597755e-02
-1.035377304293e-01 0.000000000000e+00 -1.374042880610e-01
3.622786331009e-02 0.000000000000e+00 8.477937201929e-02
3.108200380908e-02 0.000000000000e+00 -3.215445597755e-02
3.302276005248e-01 0.000000000000e+00 4.498330044045e-01
3.302276005248e-01 0.000000000000e+00 4.498330044045e-01
-9.667976927403e-02 -6.000000000000e-02 -2.924944823635e-01
-9.667976927403e-02 6.000000000000e-02 -2.924944823635e-01
1.120043698372e-01 1.000000000000e-02 7.716878343846e-02
1.120043698372e-01 -1.000000000000e-02 7.716878343846e-02
0.000000000000e+00 0.000000000000e+00 0.000000000000e+00
3.066432073567e-01 0.000000000000e+00 -8.363216006437e-03
Mode 22
0.000000000000e+00 0.000000000000e+00 0.000000000000e+00
3.408295897314e-02 0.000000000000e+00 -4.169354755397e-02
-5.777077554275e-02 0.000000000000e+00 -4.962396087768e-02
-3.000955164060e-03 0.000000000000e+00 9.539091576419e-03
5.991567987970e-02 0.000000000000e+00 1.760968804509e-01
1.561626464710e-01 -6.000000000000e-02 7.009442094186e-02
1.561626464710e-01 6.000000000000e-02 7.009442094186e-02
2.808104864502e-02 -3.000000000000e-02 -2.261536440114e-02
2.808104864502e-02 3.000000000000e-02 -2.261536440114e-02
-2.650626377426e-01 -1.300000000000e-01 -5.236810079361e-01
-2.650626377426e-01 1.300000000000e-01 -5.236810079361e-01
0.000000000000e+00 0.000000000000e+00 0.000000000000e+00
-4.014978970367e-01 0.000000000000e+00 9.971894259149e-03
Mode 23
0.000000000000e+00 0.000000000000e+00 0.000000000000e+00
0.000000000000e+00 0.000000000000e+00 0.000000000000e+00
-2.861727472926e-02 0.000000000000e+00 -9.002865492181e-03
8.177841685523e-02 0.000000000000e+00 -2.668877173367e-02
-3.000955164060e-03 0.000000000000e+00 9.539091576419e-03
1.349395589812e-01 -1.100000000000e-01 -6.238040895952e-02
1.349395589812e-01 1.100000000000e-01 -6.238040895952e-02
-4.765217761382e-01 4.100000000000e-01 2.484491836696e-01
-4.765217761382e-01 -4.100000000000e-01 2.484491836696e-01
3.161822989332e-02 -2.000000000000e-02 -5.362260842376e-04
3.161822989332e-02 2.000000000000e-02 -5.362260842376e-04
0.000000000000e+00 0.000000000000e+00 0.000000000000e+00
0.000000000000e+00 0.000000000000e+00 0.000000000000e+00
Mode 24
0.000000000000e+00 0.000000000000e+00 0.000000000000e+00
0.000000000000e+00 0.000000000000e+00 0.000000000000e+00
5.916305245410e-02 0.000000000000e+00 -5.476982037869e-02
1.554100190454e-02 0.000000000000e+00 -1.607722798878e-02
-9.002865492181e-03 0.000000000000e+00 2.861727472926e-02
-3.931346810303e-01 4.100000000000e-01 3.166151016159e-01
-3.931346810303e-01 -4.100000000000e-01 3.166151016159e-01
-1.033213290879e-01 1.000000000000e-01 6.184418287528e-02
-1.033213290879e-01 -1.000000000000e-01 6.184418287528e-02
1.183261049082e-01 -1.300000000000e-01 -1.095396407574e-01
1.183261049082e-01 1.300000000000e-01 -1.095396407574e-01
0.000000000000e+00 0.000000000000e+00 0.000000000000e+00
-2.207913831690e-02 0.000000000000e+00 3.537181248298e-03
Mode 25
0.000000000000e+00 0.000000000000e+00 0.000000000000e+00
1.254004674048e-02 0.000000000000e+00 -6.538136412358e-03
9.002865492181e-03 0.000000000000e+00 -2.861727472926e-02
1.254004674048e-02 0.000000000000e+00 -6.538136412358e-03
7.877746169117e-02 0.000000000000e+00 -1.714968015725e-02
-8.016973860252e-02 1.100000000000e-01 1.215434614136e-01
-8.016973860252e-02 -1.100000000000e-01 1.215434614136e-01
-5.969927853833e-02 5.000000000000e-02 2.315159048537e-02
-5.969927853833e-02 -5.000000000000e-02 2.315159048537e-02
-5.026743217876e-01 4.000000000000e-01 1.982889967077e-01
-5.026743217876e-01 -4.000000000000e-01 1.982889967077e-01
0.000000000000e+00 0.000000000000e+00 0.000000000000e+00
-6.323645978663e-02 0.000000000000e+00 1.072452168475e-03
Mode 26
0.000000000000e+00 0.000000000000e+00 0.000000000000e+00
0.000000000000e+00 0.000000000000e+00 0.000000000000e+00
0.000000000000e+00 0.000000000000e+00 0.000000000000e+00
0.000000000000e+00 0.000000000000e+00 0.000000000000e+00
-4.662300571362e-02 0.000000000000e+00 4.823168396633e-02
-1.254004674048e-02 -2.000000000000e-02 6.538136412358e-03
-1.254004674048e-02 2.000000000000e-02 6.538136412358e-03
-3.000955164060e-03 -2.000000000000e-02 9.539091576419e-03
-3.000955164060e-03 2.000000000000e-02 9.539091576419e-03
3.088915350952e-01 5.800000000000e-01 -2.487690084125e-01
3.088915350952e-01 -5.800000000000e-01 -2.487690084125e-01
0.000000000000e+00 0.000000000000e+00 0.000000000000e+00
-9.539091576419e-03 0.000000000000e+00 -3.000955164060e-03
Mode 27
0.000000000000e+00 0.000000000000e+00 0.000000000000e+00
0.000000000000e+00 0.000000000000e+00 0.000000000000e+00
0.000000000000e+00 1.000000000000e-02 0.000000000000e+00
0.000000000000e+00 0.000000000000e+00 0.000000000000e+00
0.000000000000e+00 -1.000000000000e-01 0.000000000000e+00
-3.762014022144e-02 -6.000000000000e-02 1.961440923707e-02
3.762014022144e-02 -6.000000000000e-02 -1.961440923707e-02
-3.000955164060e-03 -1.000000000000e-02 9.539091576419e-03
3.000955164060e-03 -1.000000000000e-02 -9.539091576419e-03
3.148934454233e-01 5.600000000000e-01 -2.678471915653e-01
-3.148934454233e-01 5.600000000000e-01 2.678471915653e-01
0.000000000000e+00 0.000000000000e+00 0.000000000000e+00
0.000000000000e+00 0.000000000000e+00 0.000000000000e+00
Mode 28
0.000000000000e+00 0.000000000000e+00 0.000000000000e+00
0.000000000000e+00 0.000000000000e+00 0.000000000000e+00
-5.316114212598e-02 0.000000000000e+00 3.569163722585e-02
1.254004674048e-02 0.000000000000e+00 -6.538136412358e-03
0.000000000000e+00 0.000000000000e+00 0.000000000000e+00
3.154296715076e-01 5.600000000000e-01 -2.362289616720e-01
3.154296715076e-01 -5.600000000000e-01 -2.362289616720e-01
-8.124219077099e-02 -1.500000000000e-01 5.830700162699e-02
-8.124219077099e-02 1.500000000000e-01 5.830700162699e-02
1.254004674048e-02 1.000000000000e-02 -6.538136412358e-03
1.254004674048e-02 -1.000000000000e-02 -6.538136412358e-03
0.000000000000e+00 0.000000000000e+00 0.000000000000e+00
0.000000000000e+00 0.000000000000e+00 0.000000000000e+00
Mode 29
0.000000000000e+00 0.000000000000e+00 0.000000000000e+00
0.000000000000e+00 0.000000000000e+00 0.000000000000e+00
-1.254004674048e-02 0.000000000000e+00 6.538136412358e-03
-5.316114212598e-02 0.000000000000e+00 3.569163722585e-02
0.000000000000e+00 0.000000000000e+00 0.000000000000e+00
8.124219077099e-02 1.400000000000e-01 -5.830700162699e-02
8.124219077099e-02 -1.400000000000e-01 -5.830700162699e-02
3.189668527559e-01 5.700000000000e-01 -2.141498233551e-01
3.189668527559e-01 -5.700000000000e-01 -2.141498233551e-01
1.254004674048e-02 2.000000000000e-02 -6.538136412358e-03
1.254004674048e-02 -2.000000000000e-02 -6.538136412358e-03
0.000000000000e+00 0.000000000000e+00 0.000000000000e+00
0.000000000000e+00 0.000000000000e+00 0.000000000000e+00
Mode 30
0.000000000000e+00 0.000000000000e+00 0.000000000000e+00
0.000000000000e+00 0.000000000000e+00 0.000000000000e+00
0.000000000000e+00 -9.000000000000e-02 0.000000000000e+00
0.000000000000e+00 4.000000000000e-02 0.000000000000e+00
0.000000000000e+00 -1.000000000000e-02 0.000000000000e+00
3.154296715076e-01 5.200000000000e-01 -2.362289616720e-01
-3.154296715076e-01 5.200000000000e-01 2.362289616720e-01
-1.218632861565e-01 -2.100000000000e-01 8.746050244048e-02
1.218632861565e-01 -2.100000000000e-01 -8.746050244048e-02
2.808104864502e-02 5.000000000000e-02 -2.261536440114e-02
-2.808104864502e-02 5.000000000000e-02 2.261536440114e-02
0.000000000000e+00 0.000000000000e+00 0.000000000000e+00
0.000000000000e+00 0.000000000000e+00 0.000000000000e+00
Mode 31
0.000000000000e+00 0.000000000000e+00 0.000000000000e+00
0.000000000000e+00 0.000000000000e+00 0.000000000000e+00
0.000000000000e+00 -4.000000000000e-02 0.000000000000e+00
0.000000000000e+00 -9.000000000000e-02 0.000000000000e+00
0.000000000000e+00 -1.000000000000e-02 0.000000000000e+00
1.218632861565e-01 2.100000000000e-01 -8.746050244048e-02
-1.218632861565e-01 2.100000000000e-01 8.746050244048e-02
3.159658975918e-01 5.300000000000e-01 -2.046107317787e-01
-3.159658975918e-01 5.300000000000e-01 2.046107317787e-01
1.554100190454e-02 3.000000000000e-02 -1.607722798878e-02
-1.554100190454e-02 3.000000000000e-02 1.607722798878e-02
0.000000000000e+00 0.000000000000e+00 0.000000000000e+00
0.000000000000e+00 0.000000000000e+00 0.000000000000e+00
Mode 32
0.000000000000e+00 0.000000000000e+00 0.000000000000e+00
-1.061154374489e-02 0.000000000000e+00 -6.623741495069e-02
0.000000000000e+00 0.000000000000e+00 0.000000000000e+00
0.000000000000e+00 0.000000000000e+00 0.000000000000e+00
0.000000000000e+00 0.000000000000e+00 0.000000000000e+00
0.000000000000e+00 0.000000000000e+00 0.000000000000e+00
0.000000000000e+00 0.000000000000e+00 0.000000000000e+00
0.000000000000e+00 0.000000000000e+00 0.000000000000e+00
0.000000000000e+00 0.000000000000e+00 0.000000000000e+00
0.000000000000e+00 0.000000000000e+00 0.000000000000e+00
0.000000000000e+00 0.000000000000e+00 0.000000000000e+00
0.000000000000e+00 0.000000000000e+00 0.000000000000e+00
9.593669638677e-02 0.000000000000e+00 9.946336764289e-01
--
Dipole derivatives 
Mode 0
1.086033769339e-02 -3.452136565725e-02 2.121069344270e-08
Mode 1
1.932325293655e-02 6.079044819034e-03 -1.387662839411e-02
Mode 2
7.025771093066e-03 -2.233275867525e-02 -6.362976437413e-09
Mode 3
-1.760134949909e-02 5.594892548495e-02 -2.162667848277e-08
Mode 4
-2.752058281741e-02 -8.657647636774e-03 -2.343618466155e-02
Mode 5
-1.049353122392e-01 3.335562340139e-01 -9.618497613835e-09
Mode 6
-1.745795696299e-03 -5.492369175022e-04 -3.676392639373e-02
Mode 7
-3.230000299904e-02 -1.016134747439e-02 -7.673159549502e-03
Mode 8
-1.211291083876e-01 -3.810650479151e-02 -2.880219534373e-02
Mode 9
4.012794823452e-02 1.262402933781e-02 4.707758945474e-02
Mode 10
-8.411265604435e-03 2.673678096855e-02 1.921744811895e-09
Mode 11
1.203880470777e-02 -3.826754211195e-02 3.664946582327e-09
Mode 12
-2.260630110632e-01 -7.111840190047e-02 -6.940552989381e-02
Mode 13
-2.781391197591e-03 8.841182143977e-03 3.669415936033e-09
Mode 14
-8.573239750074e-02 -2.697098697850e-02 -1.948715890918e-02
Mode 15
-2.790282378592e-01 -8.778089805615e-02 -2.190862916487e-02
Mode 16
1.607268653092e-02 -5.109008073692e-02 8.516886564058e-09
Mode 17
-1.260576092251e-01 -3.965717940896e-02 -1.847877719253e-02
Mode 18
-1.442363458619e-01 -4.537611565564e-02 9.726946131565e-02
Mode 19
1.574754809650e-04 -5.004945648490e-04 -3.674521696466e-09
Mode 20
-1.070266442509e-02 3.402030390164e-02 3.858481010394e-09
Mode 21
1.888334465902e-01 5.940616225588e-02 3.936542980207e-02
Mode 22
1.075269770816e-01 3.382748286334e-02 9.357505014063e-02
Mode 23
-8.727126967515e-02 -2.745514762152e-02 -2.957895561836e-02
Mode 24
-9.180577023801e-03 -2.888168103631e-03 4.819117507987e-02
Mode 25
5.389921100438e-02 1.695644955915e-02 2.222070385369e-02
Mode 26
-1.363819587055e-01 -4.290514877471e-02 1.962886655110e-01
Mode 27
7.755693163671e-02 -2.465289962158e-01 6.938893903907e-18
Mode 28
-8.664455681717e-02 -2.725798658449e-02 3.464091778706e-02
Mode 29
-1.794521694478e-02 -5.645484271663e-03 1.492749816194e-01
Mode 30
2.616346545100e-02 -8.316541242332e-02 5.204170427930e-18
Mode 31
3.872075544339e-02 -1.230810866542e-01 -4.336808689942e-18
Mode 32
1.188176831375e-01 3.737943081872e-02 1.558267261528e-01
--
Polarizability derivatives 
Mode 0
3.239691528263e-01 -4.639376564146e-01 1.015510509699e-01
-4.639376564146e-01 -3.239645555444e-01 -3.227989087793e-01
1.015510509699e-01 -3.227989087793e-01 9.044457227467e-07
Mode 1
8.344184334348e-01 2.435637375587e-01 1.107352068538e+00
2.435637375587e-01 1.368335463942e-01 3.483679545902e-01
1.107352068538e+00 3.483679545902e-01 2.676639381726e-01
Mode 2
5.291585617137e-02 -7.577813282165e-02 1.659129638880e-02
-7.577813282165e-02 -5.291757799279e-02 -5.273867473755e-02
1.659129638880e-02 -5.273867473755e-02 -3.302384770087e-07
Mode 3
-5.121302260084e-02 7.333896708316e-02 -2.743304602950e-02
7.333896708316e-02 5.120897713981e-02 8.720105382568e-02
-2.743304602950e-02 8.720105382568e-02 -9.267667808177e-07
Mode 4
1.760756698800e+00 5.368678368010e-01 2.828731961952e-01
5.368678368010e-01 2.231260219979e-01 8.899164786127e-02
2.828731961952e-01 8.899164786127e-02 1.407489602648e-01
Mode 5
-8.685591851931e-01 1.243815302641e+00 -3.539602893895e-01
1.243815302641e+00 8.685570412299e-01 1.125128288489e+00
-3.539602893895e-01 1.125128288489e+00 -4.010913504937e-07
Mode 6
-4.692883804584e-01 -1.331122640723e-01 3.827725872484e-01
-1.331122640723e-01 -8.804471630617e-02 1.204187590661e-01
3.827725872484e-01 1.204187590661e-01 -5.519206352829e-01
Mode 7
-3.038437131092e+00 -1.039543045953e+00 -2.352769086944e-01
-1.039543045953e+00 -6.108955584553e-02 -7.401677011395e-02
-2.352769086944e-01 -7.401677011395e-02 5.314604569803e-02
Mode 8
2.120232301238e-01 1.080108903875e-01 5.179603481144e-01
1.080108903875e-01 -9.732319581264e-02 1.629487382073e-01
5.179603481144e-01 1.629487382073e-01 5.783131586013e-01
Mode 9
-2.094789697597e+00 -7.674392595551e-01 3.674268789656e-01
-7.674392595551e-01 1.032227966219e-01 1.155905750871e-01
3.674268789656e-01 1.155905750871e-01 2.826218818155e+00
Mode 10
1.748562896935e-01 -2.504021125858e-01 5.451835081106e-02
-2.504021125858e-01 -1.748560610059e-01 -1.732967450534e-01
5.451835081106e-02 -1.732967450534e-01 8.936113382596e-08
Mode 11
-2.640371934642e-01 3.781132973943e-01 -6.855439527602e-02
3.781132973943e-01 2.640381032872e-01 2.179127976402e-01
-6.855439527602e-02 2.179127976402e-01 1.594251760606e-07
Mode 12
-5.564690155756e+00 -1.756943373186e+00 -3.105955002301e+00
-1.756943373186e+00 -5.326464688474e-01 -9.771194623323e-01
-3.105955002301e+00 -9.771194623323e-01 -3.350887580640e+00
Mode 13
4.563765080314e-01 -6.535519194472e-01 3.881285836889e-01
-6.535519194472e-01 -4.563763236433e-01 -1.233738599906e+00
3.881285836889e-01 -1.233738599906e+00 7.338831864434e-08
Mode 14
-1.896495468587e+00 -5.395715634394e-01 3.320113289562e-01
-5.395715634394e-01 -3.511126587693e-01 1.044493525755e-01
3.320113289562e-01 1.044493525755e-01 5.184302435573e-01
Mode 15
1.526580249796e+00 7.085924955236e-01 1.024659109919e-01
7.085924955236e-01 -5.028854252539e-01 3.223547957865e-02
1.024659109919e-01 3.223547957865e-02 1.065830009508e-01
Mode 16
-8.514758053379e-01 1.219351631479e+00 -1.585366094984e-01
1.219351631479e+00 8.514775581131e-01 5.039378166837e-01
-1.585366094984e-01 5.039378166837e-01 3.151248030298e-07
Mode 17
-5.281636269519e-01 -1.526967106303e-01 1.011394075886e+00
-1.526967106303e-01 -9.082792076100e-02 3.181798093444e-01
1.011394075886e+00 3.181798093444e-01 2.615870866908e+00
Mode 18
-7.452352375070e-01 -2.115347171385e-01 -5.411870392577e-01
-2.115347171385e-01 -1.393798366613e-01 -1.702551496338e-01
-5.411870392577e-01 -1.702551496338e-01 1.138570087333e+00
Mode 19
-1.561502379252e-01 2.236142506441e-01 -1.763760300096e-01
2.236142506441e-01 1.561498309719e-01 5.606439079478e-01
-1.763760300096e-01 5.606439079478e-01 -8.083947732745e-08
Mode 20
-1.813866259429e+00 2.597537721395e+00 -4.592100718857e-01
2.597537721395e+00 1.813866874857e+00 1.459684204490e+00
-4.592100718857e-01 1.459684204490e+00 1.967825313809e-07
Mode 21
2.370399447412e-01 -5.260978609757e-02 2.649646180492e-01
-5.260978609757e-02 3.877193215371e-01 8.335687600351e-02
2.649646180492e-01 8.335687600351e-02 -1.115390982002e-01
Mode 22
3.063087710091e+00 7.641190506610e-01 9.172926964670e-01
7.641190506610e-01 8.745822890938e-01 2.885759341647e-01
9.172926964670e-01 2.885759341647e-01 6.220414473023e-01
Mode 23
-3.122612570723e+00 -4.919970365709e-01 -2.882864579239e+00
-4.919970365709e-01 -1.713489564970e+00 -9.069361764617e-01
-2.882864579239e+00 -9.069361764617e-01 8.401380049378e-01
Mode 24
1.173639215579e+00 -1.361475626508e-01 3.121294034704e+00
-1.361475626508e-01 1.563578020522e+00 9.819449761348e-01
3.121294034704e+00 9.819449761348e-01 -6.479617547653e-01
Mode 25
-9.802992245174e-01 -4.987456538820e-02 -1.864510305821e+00
-4.987456538820e-02 -8.374537510624e-01 -5.865665765373e-01
-1.864510305821e+00 -5.865665765373e-01 1.402200025771e+00
Mode 26
-1.822367847462e+00 1.892117430042e+00 1.759992176081e+00
1.892117430042e+00 -7.241561756991e+00 5.536855975159e-01
1.759992176081e+00 5.536855975159e-01 -4.562208613396e+00
Mode 27
1.588234881336e+00 -2.274423312026e+00 -1.902957470462e+00
-2.274423312026e+00 -1.588234636254e+00 6.048902988314e+00
-1.902957470462e+00 6.048902988314e+00 5.699571126172e-08
Mode 28
3.911355242100e+00 -1.141249138306e+00 -2.379476034564e+00
-1.141249138306e+00 7.179995687092e+00 -7.485724819597e-01
-2.379476034564e+00 -7.485724819597e-01 4.117963330734e+00
Mode 29
-1.185831364743e+00 7.673708504638e-01 -8.192692438808e-01
7.673708504638e-01 -3.383651806956e+00 -2.577384152655e-01
-8.192692438808e-01 -2.577384152655e-01 -3.793226167977e+00
Mode 30
-2.620057448799e+00 3.752039800358e+00 1.502030805522e+00
3.752039800358e+00 2.620057697838e+00 -4.774482898447e+00
1.502030805522e+00 -4.774482898447e+00 -8.554762051527e-09
Mode 31
-3.543900456818e-01 5.075021886497e-01 -8.441846955079e-01
5.075021886497e-01 3.543891935299e-01 2.683397195765e+00
-8.441846955079e-01 2.683397195765e+00 -5.408982452215e-08
Mode 32
8.277735856547e+00 2.550015988753e+00 7.289422499864e+00
2.550015988753e+00 9.742590119422e-01 2.293219010274e+00
7.289422499864e+00 2.293219010274e+00 7.875601554635e+00
--
