Number of atoms 
13
--
Anisotropy 
40.439
--
Frequencies 
14.820119556166
27.291004805957
99.749230580180
130.128862496122
210.995882243935
222.640818780801
290.761619404382
338.167215421793
359.417797515608
431.636440288802
498.026012142670
598.339057711041
620.624429249519
657.956424641642
718.264782676212
748.607981729484
845.518642107576
849.644756581488
880.212875923396
910.783981284246
1087.517211098462
1121.123837267614
1169.914169681128
1224.846877239326
1237.356622909186
1375.121811194188
1434.503405775012
1495.768044388389
1590.510251347174
3035.748880316288
3118.052528419068
3219.918569703844
3263.028899636545
--
Displacements 
Mode 0
-4.801241471807e-02 4.185735088216e-02 1.932806861578e-01
5.097178888497e-02 1.748452759410e-01 1.128565916336e-01
7.247549416271e-02 1.385105519392e-01 7.141182402418e-02
5.506488511683e-02 2.016596115796e-02 2.062594553411e-01
5.349616886744e-02 -2.595091682894e-02 1.795855216179e-01
6.958874443647e-02 5.931772836364e-02 2.287761721891e-02
1.450269459297e-01 3.226486302009e-01 -1.541544714209e-01
5.553501067638e-02 -2.982253428528e-01 5.675286034009e-01
-1.418454153611e-01 -1.215697349698e-01 -4.131061796226e-01
3.242532357662e-02 6.744579595545e-02 2.241763288732e-02
2.062017253369e-03 6.476136377044e-02 5.879727172827e-02
1.216572306885e-02 -1.071387851795e-02 9.514861501825e-02
2.208610608944e-02 1.568061604862e-02 -1.076148816763e-02
Mode 1
3.244070559307e-01 -1.847925243770e-01 -1.835207828874e-02
1.062020976517e-01 -1.311619314597e-03 -1.158834262575e-02
6.903615862203e-02 -4.277740624480e-02 6.464882673677e-02
1.088861999976e-01 1.657656888991e-02 -2.057591047460e-02
4.998386667255e-02 -7.341416144954e-02 1.070664466662e-01
-3.289418605632e-02 -1.988867492589e-01 2.861437619357e-01
-6.357461449168e-02 -3.401998100577e-01 4.901356113923e-01
1.408495975072e-01 -5.582344813346e-02 7.537698377704e-02
-2.440817745219e-01 3.107354795031e-01 -3.302006430029e-01
3.604063995080e-02 1.330814081608e-02 -2.632223443536e-02
1.297395841151e-02 1.173688575543e-02 1.517180863381e-03
5.083200842693e-02 3.369208208942e-02 -4.733067296357e-02
-2.576337743145e-02 -8.245038436746e-02 1.181208380533e-01
Mode 2
4.781114491061e-01 -4.902960803087e-01 -1.416008880430e-01
-5.982132740921e-02 2.223774628166e-01 -9.208135554018e-02
-1.036020495234e-01 2.008256207962e-01 3.205215917217e-03
-3.889810986886e-02 1.374063610086e-01 3.531905076632e-02
-3.609855854183e-02 3.754963786241e-02 -2.377948552045e-02
-1.206663913803e-01 3.714328035348e-02 -9.444898476937e-02
-2.943526802039e-01 2.721346468202e-01 -1.739696963065e-01
1.981355591206e-01 -1.396006623364e-01 -6.233230018963e-02
-6.225992682460e-02 -2.883862232100e-02 2.034936506612e-01
7.093006914976e-05 1.166538651973e-01 -1.174088514316e-01
-6.014864938968e-02 1.043595286767e-01 2.804247774593e-02
6.939838513662e-03 4.562613860315e-02 2.504514667783e-02
-3.951005240564e-02 -4.589528079064e-03 -4.314770459250e-02
Mode 3
2.174779027563e-01 -4.570130997275e-02 3.120752302209e-01
-1.286977658998e-01 -1.365156069204e-01 1.919210523765e-01
-1.931784657359e-01 -2.140040018725e-01 3.080337388523e-01
-2.322527600950e-01 -2.895100097424e-01 4.045430022548e-01
-1.016914510689e-01 -1.045514824031e-01 1.071407140303e-01
-8.363197496462e-03 5.425252094928e-02 -1.298338715936e-01
-9.861662663469e-02 1.775325339524e-02 -6.609765036141e-02
3.092741610982e-02 1.036671128375e-01 -2.470850386148e-01
1.144149480931e-01 1.484031444212e-01 -2.207591072529e-01
-4.878166240159e-02 -4.745432322286e-02 5.585905756440e-02
-5.297783136119e-02 -4.484567370361e-02 3.271580724430e-04
-8.653746806400e-02 -1.160881921099e-01 1.668440100795e-01
2.898944288664e-02 6.256396449102e-02 -1.096230423167e-01
Mode 4
1.200058108876e-01 -8.566660228906e-02 2.819225591231e-01
-7.833767701366e-02 -1.501671191458e-01 1.609786877523e-01
-6.791805983948e-02 -5.010142489018e-02 8.919496405895e-02
8.520232893859e-02 1.758176950521e-01 -2.490550499249e-01
1.392512242167e-01 2.411316732353e-01 -3.914350938411e-01
1.252529399608e-01 2.366144955397e-01 -3.963032700731e-01
-1.957448443512e-01 -1.445965040989e-01 1.608754612876e-01
-1.905208806685e-01 -2.085106312187e-01 2.169210786185e-01
5.918124846403e-02 7.010747737764e-02 -6.740442311591e-02
-5.370829819600e-02 -7.025744103678e-02 5.904321835661e-02
8.223318167579e-03 -6.959200342594e-02 1.777885677406e-02
3.655055920437e-02 6.543207787321e-02 -8.986141105189e-02
2.839906613574e-02 5.532182369635e-02 -1.020960485298e-01
Mode 5
-1.301076074617e-01 4.791651227846e-02 -2.960674181968e-01
-6.038778402976e-02 -4.159834212729e-01 -1.092833936658e-01
-1.077673012568e-01 1.098404530902e-02 4.389333048759e-02
-1.962510152853e-01 9.895981975384e-02 5.842775980252e-02
-1.358907785416e-01 1.907869409149e-01 5.428340085445e-02
-7.774758301182e-02 2.282290559278e-01 4.904774215126e-02
-6.044828720220e-03 1.788835636313e-01 2.252185935895e-01
4.678961839466e-01 -2.176751748651e-01 8.294790786209e-02
9.836428569043e-03 -3.184494036321e-03 -2.567370959429e-02
-1.467816106654e-01 -2.299392221304e-01 1.427329137780e-02
1.099094135452e-01 -2.184159437972e-01 -1.128428187123e-01
-8.377152434696e-02 1.348636444259e-02 1.300831524191e-02
-1.150547940723e-02 9.432495464959e-02 2.239203015338e-02
Mode 6
-3.941977695063e-02 -2.124043987851e-01 4.030289226652e-01
-2.653060600799e-02 -3.127103275256e-01 1.736899671542e-01
6.162921338598e-02 1.497311738499e-01 -1.331215853535e-01
6.252240063445e-02 1.942571046105e-01 -2.078167990966e-01
-7.478077061389e-02 -5.772427986770e-02 4.403183826433e-02
-2.165690517137e-01 -2.445289235635e-01 2.972838128427e-01
-2.929091115867e-02 2.009185745302e-01 -2.777478055297e-01
-5.890417899120e-02 -2.752782450441e-02 -1.156437312171e-01
1.024231061723e-01 1.127730229079e-01 -5.921411712057e-02
-1.153430749898e-01 -1.894451511457e-01 1.075226593908e-01
1.430707410659e-01 -1.865575551970e-01 3.516518622750e-02
2.891374371600e-02 6.812800153059e-02 -7.363929273917e-02
-8.604181792633e-02 -1.068012345606e-01 1.336778995469e-01
Mode 7
-5.788788155008e-01 -6.356844710035e-01 8.157852532866e-03
-8.850191555721e-02 1.055050555674e-01 2.441741820928e-02
-1.784518410424e-02 -6.356096342539e-02 -3.915596020497e-02
-6.629782962598e-02 -6.218767220381e-02 4.796914027123e-03
-4.180713190840e-02 3.991980896289e-02 1.497224690191e-02
3.502325620441e-02 9.300591854837e-02 -9.770817981202e-03
1.271656990471e-01 -8.004085031984e-02 8.204517961358e-02
7.237974601239e-02 -2.106688227272e-02 2.278778648211e-02
1.998150287397e-01 2.503446080187e-01 -4.941668893067e-02
7.622475824219e-02 1.271864000843e-01 -5.256237461999e-02
-1.162310038912e-01 1.155989209564e-01 1.261540848754e-01
-3.792642080608e-02 -2.769030466238e-02 -3.624705887174e-03
2.155877344408e-02 5.162941962591e-02 -5.059511185852e-03
Mode 8
-1.865329660086e-01 -1.384970976472e-01 -2.547361038999e-01
3.924875002686e-02 -1.974688126475e-01 -1.432277114196e-02
2.988290130223e-02 1.510007033118e-01 8.821293504565e-02
2.622816071117e-01 -5.450373613820e-02 2.035879667884e-01
3.095657943950e-01 -1.833881872095e-01 4.685699943715e-02
1.253259714893e-01 -1.988328873534e-01 -1.768007004749e-01
-4.081866532179e-01 3.117328305337e-02 -5.361001273649e-02
-5.702468293452e-03 3.468630756597e-01 2.351280690738e-01
3.971855985671e-02 4.453041933843e-02 -9.102907994114e-03
-9.764547822165e-02 -1.372435920449e-01 5.628159646127e-03
1.274279183892e-01 -1.335180793014e-01 -2.880590462575e-02
1.306897372027e-01 -7.042895102792e-03 1.256475900369e-01
2.331741024177e-02 -1.160952686591e-01 -1.325815484281e-01
Mode 9
-7.765009889555e-02 -4.853952973646e-02 -6.321013501818e-02
1.664627201845e-01 -3.957940321915e-03 8.466668339841e-04
1.258625150000e-01 2.418770915029e-01 3.671309613267e-02
7.998530865526e-02 6.605203081825e-02 2.094696593007e-01
2.703840792790e-02 -1.305902553744e-01 4.307069122622e-03
1.856299210593e-01 1.176524174360e-02 -4.707394314479e-02
5.566694722517e-02 3.026654754153e-01 3.809687894122e-01
-3.878270875413e-01 -3.732155071280e-01 -4.461093485435e-01
1.021413129369e-02 1.133443743089e-02 2.487893239374e-03
-8.110908515542e-03 -4.179215864851e-02 3.691590034043e-03
1.180547869015e-01 -3.969489804284e-02 1.394354474921e-02
6.767714938887e-02 2.056846115622e-02 1.258433202393e-01
6.933442394552e-02 3.066274071032e-02 -4.505124450331e-02
Mode 10
-2.401886038022e-02 9.666247876966e-03 -2.307158962619e-01
-2.624975444667e-01 -2.250487967808e-02 9.457722070167e-02
-3.010442783610e-01 -2.863826961782e-01 4.542801959682e-01
1.602885463088e-01 2.405010171698e-02 -9.047837667969e-02
2.161051289898e-01 5.577229024719e-02 -2.174027904399e-01
7.008622686371e-02 -2.096721763264e-01 2.164607742752e-01
1.925727429537e-01 3.149267620386e-01 -1.426178413579e-02
-6.812607652740e-02 -5.473512609251e-02 -3.425482070719e-02
-1.733471048845e-03 -3.332231451929e-04 -3.134088109312e-03
-2.727149175633e-02 5.147548819182e-02 -2.767276447608e-02
-1.813320542684e-01 4.696566017734e-02 -1.908603782485e-02
1.254367018110e-01 7.324855201467e-02 -6.374827331443e-02
-3.673086491929e-02 -1.589327520345e-01 1.574629402089e-01
Mode 11
-9.065455791490e-02 -2.759579822972e-02 -2.560138967212e-02
4.678977808442e-01 3.722455823393e-03 -2.334679318331e-02
1.854948664250e-01 -6.318166295623e-02 2.044460750818e-01
-1.228449030617e-01 7.275341383897e-04 2.940294426298e-01
1.061767473530e-01 3.854545713060e-01 -3.800471479439e-01
-2.221886523608e-01 -2.742519291220e-02 1.264374345986e-01
-1.215531540568e-01 -8.872184770971e-02 -1.717130056887e-01
-4.866855449819e-02 -4.931998578922e-02 -1.518944846447e-02
3.544842581632e-03 5.007883374745e-03 4.798245098292e-03
1.481479608086e-01 1.043620579934e-02 -1.385954665207e-02
1.108771287828e-01 1.795168356003e-02 3.342620915932e-03
-1.185340151409e-01 -7.874329194090e-02 1.472426220697e-01
-1.385399083881e-01 -1.067559237088e-01 2.326403251675e-01
Mode 12
7.660214208055e-02 1.156993687459e-02 1.117080414491e-01
-3.780598442294e-01 4.736008741833e-02 -9.101496082168e-02
-6.118222780019e-02 2.304136333240e-01 -4.369368462551e-01
-9.261696188924e-02 -2.780456091356e-01 1.198329568549e-01
2.115480192619e-01 1.408290628458e-01 -3.626576085947e-01
8.158333702328e-02 -1.400431479713e-01 1.243063813950e-01
9.544199448711e-02 4.866966462951e-02 1.654558959605e-01
3.150115180863e-02 2.072322170723e-02 5.821513017343e-02
-2.054451245981e-03 -3.898818179390e-03 -3.119145673937e-03
-1.502038660944e-01 -2.488724417316e-02 4.072403565621e-03
-3.233810812569e-02 -3.450785327514e-02 -2.760486773752e-02
-9.885394013975e-02 -2.283998104603e-01 2.913317157882e-01
-2.069854885224e-02 -1.208357862866e-01 1.025245485948e-01
Mode 13
4.809444670743e-02 2.700244298163e-03 -3.150821198093e-01
-2.501146854846e-01 6.930080435116e-02 4.535260451431e-01
-3.943661368553e-03 3.309582137954e-01 1.042311313648e-01
1.427914569986e-02 2.632973835854e-01 1.852728420893e-01
-3.831174621105e-03 6.953664640181e-02 2.523761755806e-02
-6.128398280185e-02 5.500257429652e-02 5.472570622315e-02
2.201400588792e-01 -4.458512577426e-01 -1.928242975140e-01
-6.057950366754e-02 -4.568064716682e-02 -5.640753961284e-02
-2.373149034954e-03 -2.747233434481e-03 -1.957874593970e-03
-1.590979737774e-01 -2.599758203311e-02 1.021766077952e-01
4.240325318890e-02 -5.157335420130e-02 1.079530725774e-01
2.307100745861e-02 5.093153575372e-02 1.537013323960e-01
2.491542738625e-02 1.107004211555e-01 1.668977164217e-02
Mode 14
6.648808666900e-02 4.862491571372e-02 -2.762248613062e-01
4.227211611635e-02 -1.453190059225e-01 5.473683957263e-01
2.301703176564e-01 -1.751974093529e-01 -2.221327030835e-01
2.344396795916e-02 -1.702361215061e-01 -1.655854512052e-01
-1.560098754930e-02 6.427937643235e-02 -3.829948892768e-02
-8.644795754280e-02 -5.450963486847e-02 1.094980200808e-01
-1.944360455177e-01 2.396131806268e-01 9.786831827589e-02
1.472087943807e-02 -5.626266957003e-03 1.603462168994e-02
-3.867286760559e-03 -3.118830388812e-03 -3.598676416772e-03
2.061365250648e-01 1.087916384500e-01 1.087335016639e-01
-1.132583532281e-01 6.506903095555e-02 2.529144321762e-01
-1.450045041326e-01 -1.798025396634e-01 2.661393072598e-02
7.127018761125e-02 1.189065939611e-01 -2.244030683373e-01
Mode 15
3.144417224351e-02 8.218302686099e-03 -1.025107439829e-01
-3.720980995901e-02 -2.387757141352e-02 2.247791003034e-01
7.186242604162e-02 -1.897962326629e-02 -1.057162762934e-01
-1.020967470040e-02 -8.918760516282e-02 -1.362161160262e-02
-8.303429643652e-02 -1.003808204884e-01 1.626625040509e-01
1.435659396495e-01 2.396933087846e-01 -3.217623728297e-01
-4.835148713120e-02 4.864389002124e-02 3.886108209211e-02
1.755255996672e-02 1.750021221739e-02 -2.697815393449e-02
-1.023513958329e-03 -7.532402480761e-04 -1.439572771277e-03
2.775175426731e-02 1.644331198258e-02 7.057124867543e-02
-8.718193166230e-03 1.137216227733e-03 9.284188312671e-02
-1.516861750600e-02 -1.353698347875e-02 -5.721012089273e-02
-2.909357213663e-01 -4.419455771009e-01 6.164912344022e-01
Mode 16
8.223964304795e-03 -4.091235345697e-02 -4.847572468607e-02
-3.976834891751e-02 1.865348916985e-01 9.649715994739e-02
5.086179067564e-02 -1.510016197241e-02 -1.216032445170e-01
-9.706216353560e-02 -3.625593670101e-01 2.194190630217e-01
9.417346014234e-02 1.501195312457e-01 -4.042451733015e-02
1.944837954200e-01 1.156663262311e-01 2.377090259488e-01
-1.702158414890e-01 7.247368821076e-03 -9.284385677258e-02
-2.124251354133e-02 -5.611412562636e-02 -2.958910644837e-02
8.424476630309e-04 3.961809884006e-04 1.754409861679e-03
-1.282899079956e-01 -8.422127116242e-02 1.638819306719e-01
1.611379136068e-01 -7.119308708616e-02 -5.048020926600e-02
1.921015491764e-01 2.877450480239e-01 -5.729725291099e-01
1.014000326930e-01 1.246542490041e-01 5.404757876210e-02
Mode 17
-6.857915234846e-03 5.186716368767e-03 3.647489331513e-02
-4.913684463254e-02 -3.763274492218e-02 -1.062009352509e-01
-1.876184766866e-03 -6.901386877595e-02 5.030430048998e-02
1.621819259768e-01 5.524763668873e-02 -1.804935244376e-01
7.697722621113e-02 9.201143726613e-02 2.036533473446e-01
4.491462208017e-01 2.695130390424e-01 3.653974716340e-01
-3.339088529249e-01 -9.577532065933e-02 -2.133510360331e-01
-4.625021005129e-02 -9.298932565584e-02 -9.590935436491e-02
-4.120218359165e-05 -7.671122003323e-05 -3.437729255942e-04
2.687626640625e-03 1.167695933341e-02 -5.617890389856e-02
-5.136011112673e-02 9.639548621221e-03 -3.618933161637e-02
-1.225959933158e-01 -2.207974403194e-01 2.684290091337e-01
1.645522464483e-01 1.884048237458e-01 2.420416273426e-01
Mode 18
2.459838338866e-02 1.116912693597e-01 6.211599691161e-02
-6.819970675219e-02 -4.805353432415e-01 -9.319580065509e-02
3.423629272858e-02 1.939364306601e-01 -8.637121560402e-02
-1.592784820341e-01 1.085667789358e-01 2.486112304125e-01
-4.393231521416e-04 -3.153855877352e-02 -8.916992360236e-02
1.784305817107e-01 -5.066095701691e-02 4.913206932343e-02
-3.974757149012e-02 -6.301075741305e-02 -6.460184704503e-02
4.469222858357e-03 8.239627029581e-03 1.406053110506e-02
-2.439196552063e-03 -1.260583322564e-03 -6.169271897091e-03
2.590365872085e-01 1.799179432482e-01 -3.253552087055e-01
-3.298004562826e-01 1.354109597025e-01 3.054897699185e-01
1.495907855751e-01 2.444428022825e-01 -1.371301340956e-01
6.689748947335e-02 3.309078540534e-02 7.432967278362e-02
Mode 19
7.299573993343e-03 2.628118628036e-02 4.934668929087e-02
-1.607591981506e-01 -1.402393435868e-01 -1.258875283440e-01
6.505063781349e-02 -2.595166614587e-02 -7.467947196393e-02
4.306512814230e-01 -2.103753439697e-01 1.044994824481e-01
2.689900394274e-01 3.002234689968e-01 3.199061383857e-01
-4.577707954438e-01 2.706751619156e-01 -2.144079870125e-02
3.776079659490e-02 -3.927620137027e-02 -7.679857205924e-03
-1.044165498974e-01 -1.045249607748e-01 -1.188650356033e-01
-3.385591275274e-04 -2.956605462948e-04 -1.916484492319e-03
6.055398529328e-03 3.077302983764e-02 -1.163182754529e-01
-1.380439656570e-01 2.554391790597e-02 1.287289813216e-02
1.621705628914e-01 -1.977341820905e-02 -1.748448809464e-02
-1.685371217246e-01 -1.408692061910e-02 -8.519326466110e-02
Mode 20
1.629401641365e-03 -6.524399124311e-03 -5.339480816473e-03
8.119896486494e-02 -4.123530336720e-03 2.407750845223e-02
-1.077789628874e-01 -1.223036773412e-02 -5.861867646690e-02
2.103452466772e-01 -1.906411665031e-01 -3.305592905207e-02
-2.619886037229e-01 -1.770990368016e-01 -2.454912449218e-01
-1.950396917823e-01 5.802364890335e-02 -4.982311848698e-02
-7.753833821188e-03 4.698567546518e-02 2.990302571908e-02
5.655405860122e-02 5.944985732782e-02 6.709707060544e-02
2.112388383638e-06 -2.631852503023e-05 4.494842808005e-04
7.069616988583e-02 -2.935676352324e-03 8.256737018778e-02
1.456121633114e-02 6.310336796974e-04 -9.563572950043e-03
4.806763403665e-01 8.875630545987e-02 2.798052913279e-01
7.833227911247e-02 4.609839968981e-01 3.595962497001e-01
Mode 21
2.471855789776e-03 6.221645296810e-02 8.617748663724e-04
1.761797559902e-01 2.530123393129e-02 2.497216766392e-02
-3.515194084813e-01 1.672055879071e-01 1.125295923715e-01
1.868900963234e-02 -2.546352547337e-01 -1.923683606510e-01
5.830076318508e-02 -3.272049983186e-02 1.161619395275e-04
-4.108058880284e-02 5.549831407313e-02 2.163565232630e-02
5.350874054663e-02 -1.550141359383e-02 7.814629150509e-03
7.493414145294e-03 -1.274392828778e-04 2.964147983293e-03
-1.084030812250e-03 -7.277460597073e-04 -2.053280365570e-03
-1.592135532207e-01 3.274212901383e-02 -4.012781492914e-01
3.922783937480e-01 -5.679368653012e-02 5.527874212820e-01
-9.059867486792e-02 -1.274945662980e-01 -9.146602212558e-02
-5.633129080194e-03 3.513754435514e-02 1.659911402412e-02
Mode 22
6.964439525895e-03 -6.745648592581e-03 -1.422979252490e-02
1.789877553653e-01 -1.162108125759e-02 3.631668241975e-02
-3.090627502387e-01 -1.475632921780e-02 -1.311328673607e-01
-1.451638000084e-01 -5.034879684127e-02 -1.028906589038e-01
-7.455090891696e-02 1.327115589957e-01 5.642390397159e-02
1.533862874227e-01 1.790975965627e-01 1.973793315075e-01
7.460651671716e-03 -6.712661326367e-02 -4.463607710610e-02
5.751718115659e-03 -2.345085856090e-02 -1.376040331371e-02
-3.139424405369e-04 -7.540920796274e-05 3.985938971051e-04
1.711218448638e-01 1.452477638022e-03 1.845973317750e-01
6.295549391289e-02 3.656488283060e-03 5.765810574350e-02
4.363352388128e-01 1.585034335718e-01 3.154193713510e-01
-1.034366514858e-01 -4.195283377068e-01 -3.442043371695e-01
Mode 23
-1.960889608046e-02 -2.896892632390e-02 -3.387008343513e-03
3.067593247666e-01 -1.191816346023e-01 1.860959483261e-01
-4.693490504916e-01 3.821928782698e-01 -4.017101243740e-02
-4.120528879720e-02 -1.302684347833e-01 -9.636148254179e-02
2.603198511506e-01 -4.111369246698e-02 9.270100539211e-02
-5.120663795808e-02 -4.753409539543e-03 -2.998838584263e-02
5.542454679043e-02 -3.377180120691e-02 3.935642860019e-03
-1.506571907725e-02 -1.120569544546e-02 -1.451392349029e-02
5.988846541626e-04 7.558094447171e-04 2.169513309862e-03
2.396179907831e-01 3.715229214253e-02 1.259054854556e-01
-2.249769939175e-01 4.530162549398e-02 -3.971829092658e-01
-1.778142903853e-01 -8.867525964714e-02 -1.606213147135e-01
2.346586441497e-02 1.152663869360e-01 9.654965037224e-02
Mode 24
4.312378479532e-02 -1.352559907915e-03 -3.000279573827e-02
-1.208725182164e-01 -1.710924315613e-02 -3.488084660315e-01
-1.170146636705e-01 9.095087584759e-03 4.312121897965e-02
-1.592147916031e-02 8.238709913707e-02 3.358339966094e-02
1.753408536423e-01 -1.008486125058e-02 6.904510502691e-02
-5.557144634199e-02 -5.512051862952e-02 -6.046776597947e-02
1.224515945786e-02 -2.442790584169e-03 3.634046757236e-03
-1.814622588301e-02 -7.729661999549e-03 -1.378795063795e-02
-1.290285193808e-03 -9.622163349030e-04 -1.703185463075e-03
2.839849986565e-01 -9.766057520503e-02 6.576177580947e-01
9.131274628452e-02 5.717242020130e-02 4.653724198115e-01
-1.269033373496e-01 -2.478953778948e-02 -4.578062136031e-02
2.719293375395e-02 1.140035738627e-01 8.566882164803e-02
Mode 25
1.025701171728e-03 -3.372220919146e-03 -6.115655275961e-03
1.098206795279e-02 -6.653716450314e-02 -9.829835328442e-02
1.628930708838e-02 2.930402372757e-01 1.959780818451e-01
4.397075824058e-01 -1.929101313245e-01 6.754996024904e-02
-5.366597727383e-01 1.060761020150e-02 -2.399059530651e-01
1.042853623103e-01 1.019412232990e-01 1.206294165578e-01
8.539213565460e-03 -4.047663399561e-02 -2.463236405232e-02
3.671077643249e-02 2.011778942918e-02 3.091171328489e-02
8.523209566898e-05 -7.758344129724e-05 -1.847564837976e-05
-1.033067993769e-02 -9.739454161502e-02 1.577103987455e-01
-1.806138626079e-01 1.020459690477e-01 2.917343848152e-02
-1.540746259589e-01 -1.772109730476e-01 -1.914582063666e-01
-4.569592288167e-02 -2.021654709537e-01 -1.626334205979e-01
Mode 26
2.080337387885e-04 5.102675100339e-03 -1.653396936157e-02
2.873800379659e-01 2.855176741058e-02 -1.282031766884e-02
3.656556096589e-02 -1.319663631525e-02 -2.331738265427e-02
-1.430131587253e-01 -1.659889531815e-02 -7.827073774471e-02
1.253177290048e-01 -2.799794122978e-02 3.584570076917e-02
-2.785071746010e-02 1.299558073723e-02 -2.792987877427e-03
-3.680744527139e-03 8.295182305526e-03 5.064427593754e-03
-4.220562959888e-03 -2.571195453081e-03 -3.731984588505e-03
2.448461170363e-04 -5.801556798544e-04 3.072081039118e-05
-5.266145318321e-01 -4.280927595140e-01 7.535334565746e-02
-4.580461702581e-01 3.717583603852e-01 2.090350709993e-01
6.640357173192e-02 3.224302665027e-02 6.056774336681e-02
-1.397869664417e-03 2.794471539657e-02 2.192664687156e-02
Mode 27
-2.975677877720e-03 -1.967967576881e-03 -4.383454210935e-03
-1.140197101151e-01 -2.128006271630e-02 -5.054222885532e-02
2.714986841249e-01 1.412668133850e-01 2.240225572619e-01
-2.205278691284e-01 -8.599095205434e-02 -1.633904052957e-01
2.688505921755e-01 -5.238936645179e-01 -2.410481995228e-01
-1.853169943190e-01 4.671298580710e-01 2.408433616948e-01
-8.647670544438e-03 -2.258398020240e-03 -4.923931836269e-03
1.193588605552e-02 2.343201040444e-02 2.180255993728e-02
6.851324161294e-05 1.441907871370e-04 -1.153065212854e-06
6.280180543091e-02 4.111940850708e-02 3.258902075885e-02
-9.513636635938e-03 -2.652805222906e-02 -4.520846979502e-02
8.772851192302e-03 -3.944933588109e-03 2.325042111171e-04
-1.385443410802e-01 -4.831871326935e-02 -9.771062667228e-02
Mode 28
-3.518053033467e-03 -2.144005689141e-03 -4.705320438629e-03
-1.215932736001e-01 -3.021123685045e-02 -6.479652445645e-02
3.264868104964e-01 3.349998843921e-01 3.820027431439e-01
-2.765608981885e-01 -3.420186448489e-01 -3.670501985764e-01
-5.808362132960e-02 3.082183719852e-01 1.888522311817e-01
4.868703838141e-02 -2.520847976053e-01 -1.534354517545e-01
-1.422078186406e-04 1.377477759114e-03 1.191729646319e-03
6.998689676428e-04 -1.501044126444e-02 -9.997988908238e-03
1.686577884152e-04 1.868882486393e-04 6.613988226534e-05
5.839907580304e-02 3.368884472076e-02 4.094440127063e-02
-2.786464952438e-02 -1.685656361421e-02 -4.019645430572e-02
2.031016059604e-01 -1.363998294316e-02 8.382953386727e-02
6.022108898282e-02 2.170139318969e-02 4.296330625568e-02
Mode 29
-1.210144153697e-04 1.097805318954e-03 -3.133141296256e-03
1.865509257049e-01 1.319021858812e-01 -8.112154911012e-02
-2.037840354130e-03 1.239398819510e-04 -1.203448005847e-03
-1.474650439809e-03 6.339948653384e-04 -1.120405856619e-03
2.613043652137e-04 -3.903533927144e-04 4.660989798757e-05
-2.089237375701e-05 1.231892799308e-04 8.894019248545e-05
-4.243835743311e-04 3.645836206296e-04 3.607302519903e-04
6.179615043268e-05 3.970336874169e-05 3.097175608473e-05
-1.581242064842e-04 -1.888338376329e-04 1.689053353002e-04
-1.869692654869e-01 2.973212016955e-01 1.150423673136e-01
-4.445855136986e-01 -7.564498995347e-01 1.863156711706e-01
2.694358541815e-03 -3.198949571423e-03 -8.615530927572e-04
1.351879556347e-03 -3.418410993760e-04 4.635372256149e-05
Mode 30
-8.788833938603e-04 8.141790518800e-04 8.272573197240e-04
8.880223337899e-02 -2.841687292711e-01 -6.103310137447e-02
-1.143062449600e-03 -3.916418294917e-03 -2.682759316405e-03
-2.114960496364e-03 3.249457999313e-03 1.616475206307e-03
5.564234109430e-04 1.844049711817e-04 3.225675217664e-04
-4.908677676804e-04 2.597742371321e-04 -1.158082823981e-04
-1.025099250038e-03 5.879058395357e-04 -5.744540485377e-05
4.432409516569e-06 1.085519291083e-05 1.794086412871e-05
-1.694624190833e-05 8.874630912695e-05 -2.123344013849e-05
-4.727354177265e-01 6.927882135326e-01 2.884532291172e-01
1.812054924362e-01 2.864322726526e-01 -7.730880397612e-02
6.535340436861e-03 -7.059188258532e-03 -1.884404707387e-03
5.219646515368e-04 -3.389199632378e-05 1.636429957756e-04
Mode 31
-1.551776298738e-04 2.356546166195e-05 -1.004582631343e-04
1.550240729135e-03 -2.684493365273e-03 -1.082640662822e-03
7.951944258793e-03 9.955827952779e-03 1.042564400913e-02
1.488113329152e-01 -2.363743959775e-01 -9.547730512879e-02
-1.256756950821e-02 1.460112537123e-03 -4.852068823625e-03
1.760741771668e-04 1.185948505446e-03 9.324348752902e-04
-1.178321272439e-03 1.410162183864e-03 4.566737457052e-04
7.221075926747e-04 2.897746414230e-04 5.487901813756e-04
1.394403058408e-05 -2.781854474109e-06 1.351294367091e-07
-7.088626239036e-03 7.974718656592e-03 2.591345596089e-03
-8.166969553121e-04 -6.956838674100e-06 -3.812330377389e-04
-4.889259225755e-01 7.621540872833e-01 3.038576153193e-01
-3.628948594878e-03 1.553526176251e-03 -5.660138801272e-04
Mode 32
-1.764857449716e-05 -2.615037159546e-05 -9.872597962036e-06
3.639930501859e-04 5.816321922822e-05 -4.461625369464e-05
-3.511336763914e-03 2.214804240825e-03 -5.388976498756e-05
-3.667821284626e-03 2.889733307928e-04 -1.499190883965e-03
-4.798854729921e-03 1.725685298655e-02 9.854009452911e-03
2.645789054624e-01 -1.279552260187e-01 3.196530275233e-02
-1.554412312761e-03 -1.376356626005e-03 -1.755647368053e-03
-8.418321357865e-05 -4.527864542594e-04 -3.583934843348e-04
2.485175449037e-06 7.617194702563e-07 5.772705607669e-07
-5.628125010788e-04 8.050483699065e-04 3.368796296466e-04
-6.893480696321e-04 -6.861896860699e-04 8.165378584926e-05
1.976204624148e-03 -2.684220616218e-03 -9.605703269251e-04
-8.642959828138e-01 3.862598180389e-01 -1.262006403178e-01
--
Dipole derivatives 
Mode 0
-1.429130161509e-02 1.224373912953e-02 1.214069901607e-03
Mode 1
-4.576456230420e-03 1.243954893299e-02 2.149139199656e-02
Mode 2
-3.221106624404e-03 3.565200353959e-02 4.534849026562e-02
Mode 3
-3.784512969833e-02 1.651113885420e-02 1.640512670291e-02
Mode 4
-1.114668383771e-02 -5.540355091838e-03 8.135221356942e-03
Mode 5
4.113401715650e-03 -2.338411474399e-02 -7.093540851846e-03
Mode 6
-1.177988576499e-02 -6.338650300151e-03 -3.880934271083e-04
Mode 7
1.957962340660e-02 2.350858471219e-02 -6.147582544708e-03
Mode 8
-5.416648851479e-03 -1.797296913173e-02 -1.924729555481e-02
Mode 9
6.130564951570e-02 9.136013428772e-03 -3.263219038276e-02
Mode 10
-6.679906449380e-03 3.661950964174e-02 -8.418511236013e-03
Mode 11
5.196674637311e-02 -4.742486046716e-02 -9.784034397024e-03
Mode 12
2.116903714758e-02 -5.248974665875e-02 5.783481880358e-02
Mode 13
8.335285503241e-02 2.931324831473e-02 -4.904276364296e-03
Mode 14
9.552568891703e-03 1.788950776645e-02 -4.176171220855e-02
Mode 15
9.663725663566e-02 -1.156488057129e-01 3.668339254702e-02
Mode 16
-2.071590424083e-02 9.764229365403e-02 -3.793627086093e-02
Mode 17
1.175650963364e-01 5.088387987610e-02 1.827920135264e-02
Mode 18
-6.702665835888e-02 9.706442335430e-02 3.135907623042e-02
Mode 19
1.239227762046e-01 5.143739397975e-02 -8.942092024385e-02
Mode 20
-4.517418486483e-02 -3.539570439027e-03 2.748086960758e-02
Mode 21
1.792553858558e-03 1.059205286791e-01 2.393980566410e-02
Mode 22
3.503118123337e-02 1.887049225874e-02 -7.635794786668e-02
Mode 23
1.348909628475e-01 4.814474718243e-02 -2.190187215390e-02
Mode 24
-1.085562343974e-01 1.265857022997e-01 3.516104439512e-03
Mode 25
-1.831880071346e-01 -3.898393653952e-02 1.119260998781e-01
Mode 26
8.586953988517e-02 -1.398920970665e-02 3.072955405785e-02
Mode 27
-6.802048091852e-02 -1.137761015974e-02 1.737424800171e-02
Mode 28
1.094827185640e-01 8.782379064910e-02 -3.829592844157e-02
Mode 29
1.452518022730e-02 -1.635416457271e-02 -6.779184860301e-02
Mode 30
-6.794249912926e-02 2.964575206527e-02 -4.224672271086e-02
Mode 31
1.282740465409e-02 3.064071790765e-03 -2.137488931594e-02
Mode 32
6.929756444308e-04 3.426192423928e-02 6.067064672729e-02
--
Polarizability derivatives 
Mode 0
1.427176280354e+00 -6.909220939243e-01 2.364831009497e-01
-6.909220939243e-01 -1.031749341204e+00 2.347546860276e-01
2.364831009497e-01 2.347546860276e-01 1.659492657325e-01
Mode 1
-2.193057213652e-01 -2.872282951975e-01 -4.573350862839e-01
-2.872282951975e-01 1.554180248187e+00 5.523099535908e-01
-4.573350862839e-01 5.523099535908e-01 -7.726989505005e-01
Mode 2
1.488191877657e-01 1.777450389690e-01 -7.268797185117e-02
1.777450389690e-01 -3.653329253113e-01 1.085752334882e-01
-7.268797185117e-02 1.085752334882e-01 -5.836654118234e-01
Mode 3
-1.433639104131e-01 -1.499530001567e-01 1.182414152033e+00
-1.499530001567e-01 8.664623459870e-03 -9.532646822330e-01
1.182414152033e+00 -9.532646822330e-01 5.029083054344e-01
Mode 4
-1.053367289498e+00 2.036217022384e-01 5.311440620803e-01
2.036217022384e-01 4.787477262313e-01 -5.732691226552e-01
5.311440620803e-01 -5.732691226552e-01 1.466506653621e-02
Mode 5
3.375691707953e-01 -6.583422894454e-02 -9.584824868747e-01
-6.583422894454e-02 -1.984382359205e-01 -4.669054510313e-01
-9.584824868747e-01 -4.669054510313e-01 5.993734890568e-01
Mode 6
-2.010666241538e-01 -6.545951065416e-01 -1.024035711146e-01
-6.545951065416e-01 1.640274352264e+00 -1.544072079847e-02
-1.024035711146e-01 -1.544072079847e-02 -7.722939169110e-01
Mode 7
7.109819372400e-01 -1.292415513011e-01 -3.111883038142e-01
-1.292415513011e-01 1.460852421056e+00 -1.258086862675e+00
-3.111883038142e-01 -1.258086862675e+00 1.349573115515e+00
Mode 8
2.014475222158e+00 6.511824749059e-01 -6.933945851892e-01
6.511824749059e-01 7.687085272558e-01 -2.334933019168e-01
-6.933945851892e-01 -2.334933019168e-01 1.569619953432e-02
Mode 9
-1.141984241578e+00 -9.258945316532e-01 6.338104143610e-01
-9.258945316532e-01 -5.601734189473e-01 4.767987306894e-01
6.338104143610e-01 4.767987306894e-01 -5.176086067832e-01
Mode 10
-7.357294737771e-01 1.314535331611e-01 -3.619341947406e-01
1.314535331611e-01 -1.057233736746e-01 -6.481027276832e-02
-3.619341947406e-01 -6.481027276832e-02 8.466810754245e-01
Mode 11
9.108236975440e-01 -4.890838666177e-01 -4.347722380687e-01
-4.890838666177e-01 7.973642318340e-01 4.356336578702e-01
-4.347722380687e-01 4.356336578702e-01 -1.186690263101e+00
Mode 12
-6.370104813355e-01 -1.400491579895e-01 4.121896884652e-01
-1.400491579895e-01 1.314532931408e-01 -3.048756560890e-02
4.121896884652e-01 -3.048756560890e-02 4.609890828885e-01
Mode 13
3.457943577718e+00 2.389008679988e-01 -2.852287827296e-01
2.389008679988e-01 6.392175664914e-01 1.194006438749e+00
-2.852287827296e-01 1.194006438749e+00 1.296672134329e+00
Mode 14
7.537665209370e-01 -5.377425313136e-01 -7.847318901065e-01
-5.377425313136e-01 -1.855989879215e+00 -3.597038668836e-01
-7.847318901065e-01 -3.597038668836e-01 1.284620993480e-01
Mode 15
7.196523010191e-01 -2.744374318217e-01 -3.853093348677e-01
-2.744374318217e-01 -8.125445752926e-01 3.910292997655e-01
-3.853093348677e-01 3.910292997655e-01 -3.943313860188e-01
Mode 16
9.539224993787e-01 -5.138322986163e-01 -7.620929075573e-01
-5.138322986163e-01 1.725976109349e-01 1.655300091109e-01
-7.620929075573e-01 1.655300091109e-01 -1.217933718149e-01
Mode 17
9.231756156752e-03 1.366948958475e-01 -3.403193500402e-01
1.366948958475e-01 -2.096275089388e-01 -3.372163357218e-01
-3.403193500402e-01 -3.372163357218e-01 8.793098599735e-01
Mode 18
-2.288177548646e+00 1.424368877694e+00 2.289879037703e-01
1.424368877694e+00 2.427960008520e-01 -2.680968222757e-01
2.289879037703e-01 -2.680968222757e-01 3.069995008358e-01
Mode 19
-2.044013770085e+00 -1.357500964097e-02 8.463601719081e-01
-1.357500964097e-02 -1.166388869478e-01 -9.723973722820e-01
8.463601719081e-01 -9.723973722820e-01 -1.501848490862e+00
Mode 20
3.783679282982e-01 -9.145710741927e-01 -1.583538454762e+00
-9.145710741927e-01 -1.237401530469e+00 -5.071206848785e-01
-1.583538454762e+00 -5.071206848785e-01 -2.766628937236e-01
Mode 21
-2.546207876519e+00 -3.522503197179e-01 5.167926747842e-01
-3.522503197179e-01 2.269239222469e-01 7.016995672667e-01
5.167926747842e-01 7.016995672667e-01 -1.841691751487e+00
Mode 22
2.789644601699e+00 3.201131913082e-01 -7.570371062366e-01
3.201131913082e-01 6.585736679106e-01 9.018140353773e-01
-7.570371062366e-01 9.018140353773e-01 4.704784345021e-01
Mode 23
3.583200477900e+00 -3.962698324735e-02 -2.142058875799e+00
-3.962698324735e-02 -5.373664803304e-01 8.447705763159e-01
-2.142058875799e+00 8.447705763159e-01 1.192158676392e+00
Mode 24
-1.866493717463e+00 5.571926856184e-01 2.711712976180e+00
5.571926856184e-01 -9.044001329787e-01 -9.906950261722e-01
2.711712976180e+00 -9.906950261722e-01 -1.256022304198e+00
Mode 25
-2.062549581834e+00 -6.113518557196e-01 -2.803135134198e-01
-6.113518557196e-01 -9.195503387313e-01 4.267301966577e-02
-2.803135134198e-01 4.267301966577e-02 2.122704990487e+00
Mode 26
-1.330930127548e+00 7.254522242105e-02 2.086387511671e+00
7.254522242105e-02 3.059795056579e-01 -2.211554885861e+00
2.086387511671e+00 -2.211554885861e+00 1.991341677869e+00
Mode 27
-3.451943993154e+00 2.153639455007e+00 4.477654618379e+00
2.153639455007e+00 -1.550643414488e+00 -2.531576651827e+00
4.477654618379e+00 -2.531576651827e+00 -7.426986256854e+00
Mode 28
-3.325197252779e+00 2.115353778209e+00 3.046266455814e+00
2.115353778209e+00 -3.463235467223e-01 -1.157887327408e+00
3.046266455814e+00 -1.157887327408e+00 -2.774337181031e+00
Mode 29
4.284128617766e+00 -2.712778716432e+00 8.148905484914e-01
-2.712778716432e+00 1.075182022867e+01 -5.445375519673e+00
8.148905484914e-01 -5.445375519673e+00 8.296666729645e+00
Mode 30
1.535554796854e+00 1.318515494990e+00 2.667680227619e+00
1.318515494990e+00 -3.448828488464e+00 4.049831229135e+00
2.667680227619e+00 4.049831229135e+00 3.650382467055e+00
Mode 31
2.620482235597e+00 2.831860681588e+00 2.931365551185e+00
2.831860681588e+00 2.857211078353e+00 2.783110839742e+00
2.931365551185e+00 2.783110839742e+00 3.451830531024e+00
Mode 32
-4.704171754972e-01 7.569035272812e-01 1.373930575818e+00
7.569035272812e-01 -1.878135963368e+00 -3.782504266694e+00
1.373930575818e+00 -3.782504266694e+00 -9.020688384582e+00
--
