Number of atoms 
14
--
Anisotropy 
179.881
--
Frequencies 
22.409463202121
46.005292055480
58.251138065413
106.706715459189
111.649244347105
116.070590833730
133.024448230165
178.713107450253
210.890872001414
284.234440641152
298.672048081601
332.729485005886
406.218389295132
425.475647357100
453.226619469607
514.945513245064
603.677256348075
627.205007535032
629.039319475243
698.302624392594
724.916921948093
865.127604253391
901.758196884674
925.752414878063
1087.074995679063
1131.309305202753
1201.062638086681
1271.867398658799
1323.087300812661
1341.954279826890
1466.783375404778
1535.058220123162
1606.954008431147
2313.737263650645
3203.482415330660
3211.517523148636
--
Displacements 
Mode 0
-4.260071127091e-04 -3.748986613592e-01 6.706486531041e-04
-3.537900458623e-04 -3.147003188365e-01 4.888688652361e-04
-2.441316122584e-04 -2.524962367021e-01 2.441449536208e-04
1.600614578678e-04 -1.718636265052e-01 1.812366639618e-04
3.330990976599e-04 -8.409779162019e-02 -1.707938456438e-04
3.340788890288e-03 1.814145138905e-01 -1.090301368402e-03
8.642169570570e-05 -7.506915092264e-02 -4.767558591703e-04
-3.106487292455e-04 -1.443725424193e-01 -4.178571263081e-04
-4.636912292603e-04 -2.374778241367e-01 -3.309525922217e-05
-1.525271934560e-03 -5.855537355915e-01 -3.621295068018e-05
8.403436222628e-04 1.457561253235e-01 -2.814696504227e-03
1.018096693474e-04 -5.105791502993e-02 1.266462469900e-04
-1.482419422344e-04 -3.330312760059e-02 -1.977675030639e-04
-2.286351975248e-03 4.199927374705e-01 2.543138606515e-03
Mode 1
-3.726971467948e-04 5.133596858521e-01 8.111995644226e-04
-5.089598955621e-04 2.895030098251e-01 1.140899918459e-03
-5.161321366508e-04 1.096039628676e-01 1.093919794284e-03
-2.290953185267e-04 1.353576064602e-01 1.058689807075e-03
-9.799169394122e-05 5.575202951026e-02 7.955697039719e-04
1.678281067472e-03 -3.392107626616e-01 2.915586392082e-03
-2.956461515197e-04 3.372034761453e-02 5.646461960915e-04
-5.879053932941e-04 -4.908884451286e-02 5.902468566009e-04
-7.115198325448e-04 -6.337030102197e-02 8.763175106461e-04
-1.428346469983e-03 -5.690594836890e-01 1.350907410780e-03
-3.154694829074e-04 4.092524421833e-01 3.353193993548e-04
-2.769770295135e-05 6.146884738001e-02 3.576520615118e-04
-2.086692367196e-04 -3.025781352791e-02 1.173757269863e-04
2.717996804385e-04 -2.286599587221e-02 -4.857696832438e-03
Mode 2
3.312588368859e-02 4.226318250827e-03 -3.988855889758e-02
6.856092850097e-02 2.259707186863e-03 -1.483095032465e-01
7.396992487772e-02 7.205640459969e-04 -1.606624918899e-01
3.058869751396e-02 9.230755615458e-04 -1.586463015080e-01
1.139653053999e-02 3.224764031570e-04 -1.226012201967e-01
-3.753265306658e-01 -1.471681806601e-03 -3.978869523533e-01
4.099783486355e-02 5.901012886756e-06 -8.492436136417e-02
8.395327593114e-02 -7.067880226588e-04 -9.135586505810e-02
1.018327455771e-01 -6.234507980486e-04 -1.301819513740e-01
1.698561822578e-01 -3.701746224515e-03 -2.067739139385e-01
4.621252389149e-02 2.302147804270e-03 -5.805185494216e-02
3.417296828642e-03 4.609267230969e-04 -5.337341361735e-02
2.979419531585e-02 -3.603058812083e-04 -1.913773944415e-02
9.084809686591e-02 -6.347936270497e-04 6.765726652034e-01
Mode 3
-4.056079877609e-06 -4.412929255850e-01 -2.497143782731e-04
4.258395413283e-05 -3.581004144494e-02 -2.688791704173e-04
4.571091418375e-05 2.842352037863e-01 -2.273993817660e-04
1.081675362402e-05 4.225050302052e-01 -2.371925103949e-04
2.153899535111e-05 3.494932461981e-01 -2.835903006506e-04
1.583685123231e-04 -1.518793150913e-01 -5.796524494640e-05
5.521415106612e-05 2.869001092187e-01 -2.195582379186e-04
8.292948632233e-05 3.299429083245e-01 -2.295018189386e-04
8.107467178316e-05 2.244472670596e-01 -2.021241677510e-04
-1.776965080930e-04 -3.067558550716e-01 -3.779551772081e-04
-2.783937411822e-04 -1.987315350638e-01 6.791654073138e-05
5.631235934392e-06 1.298494280875e-01 -6.635278669967e-05
2.248797179071e-05 8.521621685191e-02 -6.887863581621e-05
3.587533453069e-05 1.404866678490e-02 6.438375465723e-04
Mode 4
-1.388498927115e-01 -4.175738300923e-04 2.737770531747e-01
-9.403729753125e-02 -4.561290415851e-05 1.349628497197e-01
-7.151200893647e-02 2.020943851141e-04 7.762045945789e-02
-1.725796513373e-02 1.630200169503e-04 6.974827667028e-02
-2.067063267698e-03 1.181053266698e-04 4.888114453450e-02
-3.387474631053e-01 1.139959066364e-04 2.415350935351e-01
-2.991742823522e-02 7.134271576015e-05 7.537352172401e-03
-9.066216270693e-02 2.569001048910e-04 2.186652620643e-02
-9.206999262593e-02 3.093376525296e-04 6.044606041550e-02
-2.729249366592e-02 7.729604915834e-04 1.114838397123e-01
1.753977719321e-01 -4.103086609195e-04 -7.225843077197e-01
3.048663133868e-04 3.626630124456e-05 2.727616049469e-02
-3.256283201850e-02 9.371979999070e-05 -1.921214568818e-03
3.093228041466e-01 -3.065464164129e-04 3.985413819214e-02
Mode 5
1.837622508603e-01 -5.532462367980e-04 7.300255953919e-02
1.769651047388e-01 -3.398860974889e-04 3.875001950815e-02
1.821824223684e-01 -1.896139670635e-04 6.490074945441e-03
1.888704342340e-01 -8.719392598626e-05 -6.184921697138e-03
1.814120021312e-01 -4.967164573038e-07 8.420238906980e-03
-4.085216017222e-01 8.289412640304e-05 1.676435705616e-01
1.935638494238e-01 -2.407108664777e-05 1.339035650700e-02
1.748735885744e-01 -7.401460214134e-05 -3.523294137088e-03
1.617422558534e-01 -1.734758093840e-04 -9.327687569054e-03
-1.519840855361e-02 -7.222075237648e-04 -3.244610372479e-02
5.653674669577e-01 -1.316394287338e-04 1.014450699141e-01
5.415359573988e-02 -3.112554074653e-05 -2.885367466187e-03
5.023743168233e-02 -2.455701047218e-05 -1.920710980848e-03
-3.912098822674e-01 6.786268752590e-04 -2.166752885862e-01
Mode 6
2.554038034344e-01 4.717742218961e-04 -8.336224126936e-01
4.912939649799e-02 2.752613180114e-04 -1.490020169313e-01
-2.144629608541e-02 1.312942792181e-04 3.348087013812e-02
-2.913289123466e-02 3.049212192249e-04 4.188220629095e-02
-2.766798779827e-02 1.542895517405e-04 5.711336349122e-02
3.310649408401e-03 5.235753444381e-05 3.063361557481e-01
-3.559141771777e-02 -1.723308588872e-04 3.399676732284e-02
-3.367136061187e-02 -4.327361098337e-04 3.768034659531e-02
-1.815992536872e-02 -2.136780971831e-04 1.587939060681e-02
3.871301466685e-02 -1.927165218041e-04 3.735724051878e-02
3.329058227337e-02 5.101818205520e-05 -2.862803177746e-01
-9.908791134954e-03 1.523975321756e-04 1.056820124760e-02
-8.149304687101e-03 -1.961127112915e-04 1.350340137301e-02
-7.736906776230e-02 -1.309456218369e-04 1.232917957885e-01
Mode 7
-2.448931328812e-04 -2.780619275895e-01 5.450315773478e-04
-1.109828241096e-05 7.938908137925e-02 -9.635366482914e-05
4.346648345620e-05 2.013676658280e-01 -2.205494025885e-04
-1.922596863210e-05 4.084352610284e-01 -1.833623384139e-04
-6.065340166102e-05 1.633833381903e-01 -9.852835929167e-05
1.282870858956e-04 -7.831871613317e-02 3.845787934278e-04
-4.564582587278e-05 -2.582682838056e-01 -6.979227954899e-05
6.280428455461e-05 -6.128116409943e-01 -1.113174367869e-04
8.879371358722e-05 -2.186844098191e-01 -2.062388567282e-04
3.248721550170e-04 2.041447702394e-01 -3.603425768655e-04
-1.398599996467e-04 1.647138736644e-01 1.330863908775e-04
-2.054907765633e-05 1.976350930516e-01 -7.682557533587e-05
4.349970510304e-05 -2.793408013798e-01 -1.462559289969e-05
-9.610059304984e-05 1.488434064387e-02 -1.431256095970e-04
Mode 8
-1.294305417228e-02 -4.752199787219e-04 -2.311918593079e-01
-1.260892205589e-01 4.544405653868e-04 1.553564791010e-01
-1.447873697152e-01 7.553590753702e-04 2.124797948370e-01
-3.671798722037e-02 5.145019340748e-04 1.672637963842e-01
2.283247325951e-02 -2.647928365685e-04 1.944471036984e-02
-1.061408694730e-01 -2.617651772223e-04 -5.686157133344e-01
4.864800298685e-02 -3.840090399361e-04 6.182684837533e-02
-7.374340829891e-02 -2.095717238675e-04 1.006858215935e-01
-1.403260048354e-01 3.071641227552e-04 2.253061792997e-01
-2.015137604605e-01 2.367296862624e-04 4.585329808174e-01
3.202833265612e-01 1.488983922538e-04 1.197554546884e-01
1.335778754150e-02 2.351516541645e-04 7.983775852989e-02
-4.484623955153e-02 -1.059621557640e-04 -2.236740374651e-03
8.047124580083e-02 -1.515997575801e-04 1.935712111504e-02
Mode 9
-7.315211742216e-04 2.895568045558e-01 -3.236818209505e-04
-7.942389224159e-04 -3.527207224802e-01 -1.551696055718e-05
-6.482939034725e-04 -4.419335230549e-01 -6.460628233019e-05
-1.536860220187e-04 1.279985328506e-01 -1.054689790974e-04
1.963149899298e-06 5.564133890596e-01 -4.123911475416e-04
-1.841281831579e-06 -7.093159285230e-02 -2.448003972997e-05
1.714108554503e-04 3.505276585800e-01 -2.583626115816e-04
-3.520337643408e-04 -5.182187014822e-02 -2.018994635991e-04
-5.638041271866e-04 -3.348780256640e-01 -6.696753803645e-06
-3.521518858704e-04 1.416810955472e-01 7.019676440474e-05
1.108629881935e-03 -7.052587702851e-02 5.350221841150e-04
2.271691681195e-05 4.059755368828e-02 5.883811363264e-05
-1.747023737315e-04 -3.198072284906e-02 -1.618560544075e-04
2.247850109984e-04 2.811093780604e-03 9.238184097229e-06
Mode 10
-4.163095246938e-01 -3.126891017367e-04 -1.003145448451e-01
-3.361388608021e-01 6.149230994411e-04 -2.012005692290e-01
-2.640300705775e-01 7.079689219736e-04 -1.733862201618e-01
-1.513331011058e-01 -3.619129163975e-04 -1.472410725152e-01
-1.236225285917e-01 -9.730417489366e-04 -7.480369332831e-02
6.794577086980e-02 2.278904341462e-04 1.838698694021e-01
-2.686406521871e-02 -6.145731479470e-04 -2.937348464747e-03
-1.531124279496e-01 2.120655716890e-04 -1.200882225207e-02
-1.676956843957e-01 6.317276644456e-04 -9.359258132596e-02
-1.191373034089e-02 -2.171499898954e-04 -2.552886966607e-01
5.304511046619e-01 4.449333516274e-05 2.103547311264e-01
-3.726544409563e-02 -1.355279261012e-04 -3.245566915528e-02
-5.294449994485e-02 1.222770515217e-04 -1.631090651003e-02
3.377062872042e-02 -9.287460284407e-05 2.640785762605e-02
Mode 11
-8.300694005517e-02 1.962291229774e-04 1.235673870410e-01
4.329506628275e-02 -2.724991209291e-04 -2.595851121863e-01
-2.859016413477e-03 -2.512466799903e-04 -7.857914391548e-02
-2.023735570441e-01 3.671640225121e-04 -3.720531786192e-02
-2.394017977806e-01 2.508275031821e-04 1.049484933987e-01
5.350335188978e-02 -1.035793565289e-04 -1.222510481418e-01
-1.123547216906e-01 1.431360177792e-04 2.669124253811e-01
4.712903040856e-02 2.147119702478e-04 2.829945743063e-01
1.408872004617e-01 -2.648498871674e-04 1.251187431499e-01
6.246891338884e-01 -5.888530564046e-04 2.727220559931e-01
8.188607924021e-02 -6.808468175691e-05 -1.258332378222e-01
-8.107338308924e-02 2.011848004066e-04 -3.988560807578e-02
3.581232230610e-02 1.312385715059e-04 1.130827727071e-01
-2.407040079923e-01 2.411635635144e-04 -7.015128291900e-02
Mode 12
-1.803704549897e-02 -1.626170726267e-04 -1.115842845206e-01
-2.077880431904e-01 1.932004468016e-04 5.218423164978e-01
-9.125924056835e-02 3.468726807652e-05 1.965885468032e-01
1.306827861676e-01 -5.237231816600e-06 1.726434980045e-01
1.552193211771e-01 -5.926937379414e-05 5.392739668200e-02
-3.786927854006e-02 -3.057597396516e-05 -6.119189863691e-02
3.957114349689e-02 1.718306262589e-04 -4.680411963159e-02
-1.506839630052e-01 8.220325282192e-05 -2.603169692910e-02
-1.577091043985e-01 -1.852124817810e-04 -2.539411888727e-02
5.943968515399e-01 -3.757894372670e-04 -3.312283968461e-01
-4.158682062437e-02 -1.322271444772e-05 3.795137870999e-02
6.231592810445e-02 7.387390577550e-06 8.261130560567e-02
-5.546526660310e-02 4.907122746738e-05 -2.435382425255e-02
-1.088411819258e-01 1.663214116447e-04 -2.487853877126e-02
Mode 13
-3.106504373609e-04 -1.481746180553e-01 -5.167297866976e-05
-1.517550950680e-04 3.121116434964e-01 -2.826873949466e-04
-1.193498758374e-04 1.823936352404e-01 -9.961174452730e-05
8.129514044856e-05 -4.932885734367e-01 -1.250461231762e-04
1.416374111670e-04 3.086081497583e-01 -3.234870462930e-04
5.893666061997e-08 -1.061066346649e-02 5.950267320247e-05
2.322887277287e-04 4.300360665225e-01 -2.228048531123e-04
1.762183661174e-04 -3.070299808962e-01 -1.617140067521e-04
3.679707397197e-05 1.034393748124e-01 1.582486233943e-04
4.188457038634e-04 -3.553276298894e-02 7.210895734977e-04
-1.015427861391e-04 -4.296703689281e-02 -6.103465901969e-05
5.973520290580e-05 -3.663341225097e-01 2.144465519717e-05
2.099964461200e-05 -2.854027421161e-01 -1.141006137176e-04
-1.254904185535e-04 3.791631563196e-03 -1.832045129613e-05
Mode 14
2.458444954000e-01 -9.845226555524e-05 6.131994027244e-02
1.780889772956e-01 1.056263155184e-04 1.463804625572e-01
9.955894315588e-02 1.000073982120e-04 9.598336173613e-02
-2.089500225575e-01 -3.479694316136e-04 1.388841529941e-01
-2.686264702292e-01 5.862883542669e-04 2.692676679118e-01
1.357413414359e-02 -1.231675320985e-04 -1.491934925205e-01
-2.425585844526e-01 6.654423589652e-04 3.167543217714e-01
-1.247882263960e-01 -3.619664755687e-04 2.632355040138e-01
1.708462218168e-02 8.540682984038e-05 -3.714916232405e-02
-2.491109144611e-01 1.934186961240e-04 -5.178239160597e-01
1.578080095355e-01 -9.938360743431e-05 -1.046916532103e-02
-9.947224632327e-02 -3.437799138598e-04 -1.043257405965e-02
5.925099713253e-03 -3.803387683528e-04 1.336434565342e-01
6.652298820069e-02 -4.367542579259e-05 1.528967745732e-02
Mode 15
-3.474027579744e-06 -2.488191027097e-01 8.417082051830e-06
1.154096381974e-04 5.954058786590e-01 -1.435579760401e-04
4.876977269779e-05 -1.866870047432e-01 -7.156507571932e-05
-2.527572485245e-05 2.679857145327e-02 -4.975060621073e-05
-6.526608951000e-05 -1.649983541171e-01 7.029697133602e-05
9.471105648647e-06 5.926040217966e-03 2.655040187012e-05
-3.274342294923e-05 2.405029405997e-01 2.894473614450e-05
-1.662320768881e-05 1.831955140653e-01 2.230171878080e-05
6.624675531538e-06 -6.020203092563e-01 -8.133867803389e-05
-2.329576885668e-04 7.664385861004e-02 5.728751001701e-05
4.746758718141e-05 -3.008880390679e-02 -1.620329471091e-06
-2.747078702917e-05 1.352981438196e-01 -4.715299145533e-05
-7.228751355588e-06 2.045185515187e-01 2.464754798746e-05
5.199098428580e-05 2.689083153854e-03 1.145391995825e-05
Mode 16
2.842189985277e-01 -9.734818566127e-05 1.670482202907e-01
3.331545075738e-01 1.737817768506e-04 -2.083760537300e-01
-2.651866534819e-02 -9.305902880803e-05 1.808720249283e-01
-2.723792911702e-01 -1.021676241265e-04 2.286504688890e-01
-1.371998114836e-01 1.878083860913e-04 -1.399690109771e-01
-8.279805687262e-03 2.523070727212e-05 4.377255579660e-02
-1.815993527971e-01 -3.467184825880e-04 -3.565714884964e-01
-2.429844905234e-01 1.056633986477e-04 -3.379837740571e-01
-3.029965804487e-01 1.111257372730e-04 -2.718399944369e-02
1.739869429197e-01 -1.014004037694e-04 7.468019584850e-02
1.519462029804e-01 8.846856822597e-06 8.918055507670e-02
-7.855825104134e-02 -3.363287406852e-05 6.725137082265e-02
-1.066469183031e-01 1.137962533231e-04 -1.463300613375e-01
-1.716959669305e-02 2.623087470964e-05 2.488292292915e-03
Mode 17
-1.642256196410e-01 1.998943399013e-03 6.449503151906e-02
7.767189685287e-02 -5.684830595380e-03 -6.044904973536e-01
-7.790116335476e-02 6.297465663426e-03 2.346332902065e-01
2.321334037041e-01 2.001255832801e-03 3.057314506283e-01
3.280382945620e-01 -8.178160461336e-03 1.804305000061e-01
-2.585153588166e-02 1.969180355171e-04 -6.429587061323e-02
1.948651307174e-01 8.851105200612e-03 1.003878114693e-01
-1.163145196768e-01 -1.770484562210e-03 1.438758879346e-01
-1.166458311575e-01 -3.617645072574e-03 1.781572093130e-01
-1.029131146908e-02 5.497557054734e-04 -2.510994943324e-01
-1.061561788542e-01 -4.564178114535e-04 -2.091545996288e-02
1.173001916683e-01 4.398538931690e-04 1.555632127757e-01
-5.577603317984e-02 -2.192114226218e-03 1.244820745220e-02
2.672351605250e-03 2.036668288241e-05 3.826194029638e-03
Mode 18
2.694910767629e-03 1.250118882901e-01 -9.185562032427e-04
-1.097993992441e-03 -3.623254120948e-01 9.336510969793e-03
1.201811497526e-03 4.054358279870e-01 -3.673470584139e-03
-3.720543884827e-03 1.232010869824e-01 -4.748744914720e-03
-5.198696745809e-03 -5.228725734590e-01 -2.737027837015e-03
4.055150100134e-04 1.510003004008e-02 1.084083838950e-03
-3.149346958237e-03 5.591831572641e-01 -1.794876968916e-03
1.694980995563e-03 -1.091012835411e-01 -2.496343162643e-03
1.660628704433e-03 -2.318255697450e-01 -2.906507230015e-03
2.192342449502e-04 3.257549664485e-02 4.064453173358e-03
1.762366165390e-03 -2.963464709224e-02 3.617728111658e-04
-1.882020584478e-03 2.521333463918e-02 -2.450475374663e-03
8.216043771403e-04 -1.369386962678e-01 -3.006816167920e-04
-4.709089437987e-05 2.310478494082e-03 -6.847795690264e-05
Mode 19
-1.716470077132e-01 1.906163446738e-05 -5.788310808376e-02
-1.393610629132e-01 1.343744811793e-07 -2.420880318444e-03
-3.581277861319e-02 -7.929543656368e-05 2.425330683176e-01
-3.680827758898e-01 2.548103400953e-05 3.432451355487e-01
-1.206398187376e-01 -1.709552810635e-04 -1.465184015590e-01
-7.370641999294e-03 2.435570904341e-05 2.187393163109e-02
6.028197892624e-02 7.126411255485e-05 -1.085241471986e-01
5.537365956611e-01 1.374791068875e-05 -1.852469291744e-01
2.948449357588e-01 -3.875075472340e-05 2.390800236094e-01
-2.077055803713e-02 4.595238123053e-05 -2.004317973692e-01
-1.258301256804e-02 7.159780055136e-07 -2.956450033052e-02
-8.023321964361e-02 8.211263172801e-05 1.394487412969e-01
1.643100737186e-01 -1.162864023029e-05 -5.313214041421e-02
1.537379275981e-03 -4.613171341320e-06 -3.156684343174e-03
Mode 20
5.800546696434e-06 -5.839576100200e-02 -5.226393462630e-06
1.399620423180e-05 1.746176728120e-01 2.855424230020e-05
2.154740141563e-05 -5.516234283761e-01 -7.591870095001e-05
1.356508314785e-05 1.653748623713e-01 -5.194906104292e-05
-3.524455787282e-05 -2.835707625448e-01 9.156940788025e-05
2.633348115646e-06 9.439775705732e-06 2.670861997970e-05
-5.636448352293e-05 3.046600201365e-01 -7.590894177495e-05
-6.220812679586e-05 -1.678850396741e-01 -8.476361007094e-05
-7.290306832507e-05 4.855984631716e-01 -5.230944778117e-05
5.247447761643e-05 -3.244993183697e-02 7.872484152635e-05
4.026873344040e-05 -4.249314028081e-03 8.490484124787e-06
-1.720275592964e-05 3.165865664861e-01 -5.451888856962e-05
-8.783893514489e-06 -3.097442705843e-01 -4.715649852921e-05
-4.593055626440e-06 -5.526971928264e-04 4.617825903648e-06
Mode 21
-2.159110312646e-01 1.648969051435e-05 -5.922914296343e-02
-1.230582453689e-01 6.208006837342e-06 -7.768189202033e-02
1.834707724517e-01 -3.362494089460e-05 1.983520910107e-02
1.957097094641e-01 6.883341767631e-05 1.928172897849e-01
3.252246441396e-02 2.306313477222e-04 5.718910445984e-01
-1.204477728652e-02 -5.477437785243e-05 -6.083659561123e-02
-4.606379318272e-01 -7.387815632893e-05 -1.397591188729e-01
1.077636841077e-01 1.169022814502e-04 -2.953225003088e-01
9.972651948797e-02 -1.447212020987e-05 -3.226996730866e-01
7.793030107940e-03 -1.426399882943e-05 1.441511366012e-01
7.349218731914e-02 -9.915220823978e-06 3.161508054116e-02
-1.863269024250e-03 -2.031199282409e-04 -1.739950672389e-02
1.187337317294e-01 -9.862626488702e-05 3.033624930819e-02
4.564772703994e-04 -1.020255354650e-06 -1.822225411247e-03
Mode 22
2.315006334001e-05 1.290319793284e-03 8.074890619440e-06
1.448419966082e-05 -7.025519381851e-03 3.341006036978e-06
-2.485300380333e-05 4.628884780699e-02 -5.836209372375e-06
1.630050662383e-06 -9.280627807526e-02 -2.054841531080e-07
-1.185068230752e-05 3.336576312883e-02 -8.949891922925e-05
1.100427168934e-06 -7.890923713093e-04 5.368728436045e-06
6.581110136567e-05 -1.690479832046e-01 1.201974850542e-05
-1.037576053425e-06 5.129521568582e-01 8.842596719087e-05
-5.291604160505e-05 -1.932261817679e-01 1.232544696754e-05
-6.987152437403e-06 1.936539217391e-02 -6.109474884333e-06
-1.332552068900e-05 1.308055861484e-02 -7.356558341489e-06
1.122037872700e-05 1.097253896179e-01 6.837407021057e-06
3.106274099962e-05 -8.040257194320e-01 -5.703616398350e-05
3.324746092804e-06 1.660360047663e-03 -8.311398990433e-07
Mode 23
4.199072880098e-05 -1.715556839903e-02 1.440708656215e-05
3.042673096912e-05 7.802910919266e-02 1.186729214486e-05
-5.059150058081e-05 -1.964067236863e-01 -5.129282840739e-06
-6.538923167375e-05 4.992168319955e-01 -7.306404305505e-05
-9.492960709306e-07 -1.412312590683e-01 -8.927744472158e-05
3.288278591356e-06 6.614683432566e-03 1.978966027519e-05
9.778206312183e-05 -3.427234669581e-02 1.724992850420e-05
-1.049123799069e-05 6.725064941828e-02 3.513264051170e-05
-2.158903334049e-05 -1.487264934668e-02 7.283650660617e-05
1.829111486839e-06 2.802475770727e-03 -2.639804842042e-05
-1.384917781981e-05 3.435849296328e-03 -5.517579572141e-06
-1.499012305437e-06 -8.138004316505e-01 4.444240193661e-05
-2.152846219763e-05 -1.327583752590e-01 -3.451415447080e-05
9.754312003309e-07 5.862278235772e-05 1.191719629789e-06
Mode 24
9.109657247384e-02 -2.299180828446e-06 2.195219746357e-02
3.622783937933e-02 1.070981094751e-05 7.381499676186e-04
-1.897716144718e-01 7.641683733144e-06 3.764940758934e-02
2.534188032210e-01 -1.062920463864e-05 -3.679012002840e-01
-7.075530845830e-02 4.911328521996e-05 2.068031670944e-01
3.267942025964e-03 -1.093045161141e-05 -5.032097011920e-03
-3.119005382846e-01 1.855176950884e-06 -9.270582014320e-02
1.477521457247e-01 2.071103600603e-05 -1.496929387637e-01
-4.976658336258e-02 -5.535756443833e-05 6.741392281629e-01
1.465730940022e-02 1.269026398126e-05 -1.480677898703e-01
3.032275221504e-02 -5.920091250096e-06 9.558749197762e-03
2.496531104898e-02 1.288194744409e-05 -1.815435270759e-01
-6.906559896552e-02 -4.661256219983e-07 -1.911066741487e-01
-3.244451496599e-03 1.198149529861e-06 2.169675910732e-03
Mode 25
1.252590793154e-02 -1.661359587416e-06 -1.365352560666e-03
-2.007341146108e-03 1.546942427508e-06 2.815944706328e-02
2.946289188386e-02 1.167935951568e-05 -1.191995584855e-01
-2.060247294139e-01 -2.198745411998e-05 3.074086856536e-02
-4.173333167808e-02 1.222544084426e-04 4.668742018733e-01
-6.773708954362e-04 -2.628788632230e-05 -2.842569392853e-02
5.254764161103e-01 -6.777956906773e-05 1.146791192566e-01
6.918174966520e-02 1.182073968032e-05 -1.778260677714e-01
-1.233071535661e-01 5.930496219770e-06 -4.001526398540e-02
1.225420706966e-02 -4.423116599827e-06 1.604123278818e-02
-5.095819909425e-02 1.038000198079e-05 -1.580768991862e-02
-2.983375780643e-01 -1.162579082831e-05 -2.952912995875e-01
-2.196722074654e-01 2.118758485540e-05 -3.871060487803e-01
-3.893952176994e-04 4.061608551156e-07 6.455697481375e-04
Mode 26
2.316034392986e-01 -2.655802644292e-05 8.362322937503e-02
1.058607299788e-01 1.455103117076e-05 8.331771824304e-03
-5.785665561956e-01 -3.208845005985e-06 -1.653199939084e-01
3.825117632785e-02 -1.406693581334e-05 -2.896235250129e-02
-9.383699799730e-02 4.300347902528e-05 1.882591515302e-01
5.437381180005e-04 -8.760969198714e-06 -1.030105408668e-02
1.068266675138e-01 -9.971757741865e-06 1.094969316435e-01
3.794171103340e-01 6.819019092659e-07 -8.170958792325e-02
-3.276182482782e-01 2.765434409966e-05 -2.165776868983e-01
1.260577074287e-02 -1.698507118810e-05 2.349882878841e-02
-1.535620465370e-02 1.427383552916e-06 -1.267742924352e-02
1.953633886654e-01 9.370445168314e-06 2.411433637110e-01
2.606151119190e-01 3.152031981728e-05 1.604417909733e-01
1.078869397531e-03 2.653292897809e-06 1.831623874163e-03
Mode 27
-1.318826315591e-02 3.173470404995e-06 -1.514832917687e-04
4.406644235795e-04 -8.010250901206e-07 -2.865292056093e-02
-1.264265796628e-02 3.411112153563e-07 2.350820341686e-01
4.935578736943e-03 8.725882154870e-06 -3.951864204274e-02
1.516793172886e-01 -4.854033118212e-06 -3.660541411165e-02
3.001281458527e-05 6.642433409311e-07 3.043095583268e-03
7.764966733028e-02 1.723619309888e-06 -1.633038790725e-01
5.068344128638e-02 1.214172070802e-06 3.514189080284e-02
-2.562087123380e-01 1.481029729558e-06 2.300482862122e-02
1.011159819071e-02 -5.403530101683e-06 -1.536063177860e-02
-4.800028275475e-03 2.375382765131e-06 -1.906448391712e-04
-3.912824809584e-01 -2.984615224918e-05 -5.357124771550e-01
3.703396860230e-01 -1.044612728062e-05 4.871981643552e-01
-1.269990542195e-04 2.434537851901e-07 1.170245785639e-03
Mode 28
8.062951507534e-02 -6.102533339836e-06 3.573280007578e-02
3.090707244834e-02 1.148890955819e-05 -2.149000337792e-02
-3.599343935171e-01 -2.030393479191e-05 3.274423936719e-01
-2.534322573872e-01 -2.119144890675e-05 -2.672977789272e-01
4.317770177038e-01 5.793301433075e-06 -5.900776711635e-03
9.036229624804e-04 -1.115535749856e-06 -4.301976677537e-04
-1.267563729033e-01 1.453992570028e-05 3.526611311889e-01
-1.677135404219e-01 1.939938459267e-05 -2.925847356737e-01
3.760643725616e-01 2.914724382901e-06 -1.638402328239e-01
1.004175158287e-03 1.473110677234e-05 3.538115496391e-02
-3.310305917318e-04 -4.539798193049e-06 2.011293122493e-03
-6.075456222264e-02 2.571362262610e-05 -5.449704608244e-02
-1.023350017620e-02 -4.408816335370e-05 -3.779600152120e-02
-2.881645972580e-04 -2.344653204817e-06 -5.810894512983e-04
Mode 29
1.104179521815e-01 -1.022628953630e-05 2.057491079695e-02
9.437132039271e-03 9.618438216175e-06 7.514035800237e-02
-2.167797305321e-01 3.096058290512e-06 -5.032159545646e-01
-2.708046002548e-01 -8.456515291034e-06 1.657314094155e-01
3.554618696241e-01 4.735737207012e-05 2.319134691885e-01
-6.611902478991e-03 -9.388205463929e-06 -7.933709539268e-03
-1.276566526082e-02 -5.421300552827e-06 -4.137676263331e-01
-1.922123580659e-01 4.253475117179e-06 1.601468002845e-01
2.745080414564e-01 -1.879173160814e-05 2.160736351891e-01
-2.162360852306e-02 4.373445250085e-06 -1.926943937454e-02
3.039801122272e-03 2.700740590578e-06 1.231694509069e-02
-7.907918716937e-02 4.108319236377e-06 7.651266765744e-02
2.492805536428e-02 -2.124109899637e-05 1.750802109514e-01
-3.524569326545e-04 2.027189870389e-07 -3.686870027381e-04
Mode 30
-6.627001561203e-02 8.969369458069e-06 -2.731003067236e-02
-2.312940330151e-02 -4.554965947782e-06 9.829221189751e-03
2.954605370633e-01 7.011569216816e-06 7.131332025336e-02
-1.863994718777e-01 -1.460652643692e-05 -2.990081116568e-01
-1.640251081894e-01 3.312038166976e-05 2.333803370854e-01
2.390886212687e-03 -6.569191045707e-06 -5.348304755974e-03
3.116390495720e-01 -2.050947041517e-05 4.240361313152e-03
-2.940577572139e-01 1.916365714106e-05 -3.692567862440e-01
-1.045007804157e-03 -2.168498799623e-05 2.270680895729e-01
9.200133211346e-03 3.706650295766e-06 -1.154182009159e-02
-1.047359975297e-02 3.672314141338e-06 5.736694239648e-04
2.369682763725e-01 2.402126035672e-05 2.973619714972e-01
2.512399093055e-01 -2.703681507977e-05 3.416806033856e-01
-1.054445751585e-03 -2.123090430071e-07 3.701377887964e-04
Mode 31
-2.002890178371e-02 4.532531413717e-06 -2.041846573779e-02
-2.481094209181e-02 -1.173309381438e-06 3.161774480177e-02
3.130572650411e-01 1.128535024034e-05 -3.592353373782e-01
-1.976688481288e-01 6.228225728219e-06 1.053867646954e-01
4.184919332255e-01 -1.705471622789e-05 -1.537563082545e-01
-1.854883502995e-03 3.070761893620e-06 -1.815867089967e-04
-2.459291771202e-01 1.463183489361e-05 4.208109200009e-01
1.399838017225e-01 4.750222943345e-06 -2.114777923462e-01
-4.113025599700e-01 -2.016660854154e-05 1.917642144419e-01
1.644001424594e-02 -1.921291855042e-06 -7.906756382992e-03
3.302629868458e-04 -4.726207352511e-06 -4.445332055710e-03
-4.285945411383e-02 6.104245246306e-06 6.488414630785e-02
8.323915364691e-02 4.352207271416e-06 -1.985119899568e-02
-8.730949000666e-04 -2.855976933344e-07 2.170237949762e-03
Mode 32
-3.552079898825e-02 2.267709395241e-06 -6.899463801543e-03
-6.167382714281e-03 -3.077177780153e-06 -1.130358988985e-02
1.943133437387e-01 1.610749045581e-06 2.704294255933e-01
-3.653794570799e-01 -1.841932729024e-05 -4.192806479381e-01
2.669314640854e-01 2.930773624275e-05 1.826700099247e-01
-9.284368252260e-04 -4.418872173376e-06 1.263748782080e-03
-7.884038885963e-02 4.291086567117e-06 -2.896359721816e-01
2.697795327731e-01 -1.839717611245e-05 4.008813900441e-01
-2.433450663724e-01 7.407069869095e-06 -1.413004975442e-01
4.522176093110e-03 -1.864503605334e-07 -5.546519765599e-03
-3.778681142090e-03 7.754526732439e-07 1.233263035947e-03
1.165174698546e-01 1.925607770771e-05 1.785464445145e-01
-1.032281037329e-01 1.221004946049e-05 -1.214930154232e-01
6.308439371713e-04 -3.964118811928e-07 5.922339566659e-05
Mode 33
5.843860356350e-01 -4.681862959547e-05 1.765364856632e-01
-7.470504279489e-01 6.282989393639e-05 -2.365198242732e-01
1.061572734420e-01 -2.400285344656e-06 3.450019424967e-02
1.202166715637e-02 7.073152073285e-07 1.450161942676e-02
-1.356904722352e-02 -1.678698709584e-07 -1.494838476056e-03
1.563750658784e-06 2.815951356929e-08 3.676320381128e-05
5.001449044960e-03 -1.045616054542e-07 -4.073181392397e-03
-3.241961088211e-03 -4.668769998422e-07 8.516286161586e-04
1.134472506120e-02 -7.175804702968e-07 -1.011415533142e-02
1.635580750057e-03 8.134034153898e-07 2.968395586917e-03
-4.103109621849e-04 4.052598134580e-08 -1.232988495209e-04
4.307603994562e-04 4.322861822864e-07 -1.693872365038e-04
-1.138800766515e-03 -3.634647074197e-07 -4.528388594172e-04
-8.291988695674e-04 -2.628154213324e-06 1.771765922959e-03
Mode 34
1.285472956348e-04 -6.068120877166e-08 2.035516392152e-04
-3.714341610313e-04 -3.996852745377e-07 -8.896507103438e-05
-1.123229054602e-03 1.263015882293e-08 1.686273338717e-03
2.273969976804e-02 -7.258850579506e-07 -1.665173790177e-02
-2.694986679924e-03 9.557093509499e-08 1.696827173087e-04
-1.999006918716e-05 3.973143728880e-08 1.957848752335e-05
3.953884693013e-03 -3.757685248843e-07 1.200780039439e-02
2.295413815493e-01 2.047245714526e-05 -1.751040509927e-01
-8.985744274839e-03 2.414383321545e-07 -3.610798596416e-03
5.182513057733e-04 3.998741022661e-07 7.402788885126e-05
-3.216183346992e-04 5.158524736215e-07 -6.182311635674e-05
-7.597535229830e-02 2.682401253018e-06 5.721436228727e-02
-7.637857046456e-01 -7.527268005330e-05 5.684848437190e-01
5.187742158082e-05 -7.976877623637e-08 4.154887942920e-06
Mode 35
-8.464787926124e-04 6.344782593970e-08 -1.256881382521e-05
5.442490976032e-04 -1.096482011007e-07 -1.067372585870e-03
2.265340243205e-03 9.872926934390e-08 1.099760942128e-02
2.330952330201e-01 -6.808329876872e-06 -1.727472103783e-01
-1.099751336743e-02 -8.386175621508e-07 -6.773514301825e-03
-1.180487737719e-05 9.918092500556e-08 1.840639764230e-04
-1.570533448181e-03 9.739903014650e-08 1.571624244901e-04
-2.351586997833e-02 -2.027181212861e-06 1.781723616618e-02
-5.830266383127e-04 -4.779802515988e-07 1.572221097783e-03
-4.236770607911e-05 4.841597735268e-08 -7.438314532411e-05
2.437457999987e-05 -4.403483714612e-08 1.566683302040e-05
-7.602065830655e-01 2.593601114482e-05 5.725059513052e-01
7.603195516942e-02 7.497896025781e-06 -5.653484749881e-02
-7.416291318857e-07 4.750890821488e-09 2.583218935163e-06
--
Dipole derivatives 
Mode 0
2.734911668929e-02 2.050109250142e-02 1.215823698707e-04
Mode 1
-3.799762461913e-03 -2.741431361643e-03 -1.851732057063e-04
Mode 2
1.006250106431e-02 -1.360570114781e-02 1.843889282833e-02
Mode 3
3.107473467799e-02 2.330567695515e-02 1.422764533668e-04
Mode 4
-5.972294575137e-03 8.103408240147e-03 -2.921644372844e-02
Mode 5
-1.746436843165e-02 2.321184006917e-02 9.739859941497e-03
Mode 6
2.382172661706e-02 -3.219754721867e-02 9.536731922791e-02
Mode 7
1.365229924519e-02 1.048563759045e-02 -6.349902131839e-05
Mode 8
-1.589464621625e-03 2.136196536439e-03 1.379466536616e-02
Mode 9
-4.612966936151e-02 -3.467678267946e-02 -2.155496929613e-04
Mode 10
-1.089041916417e-02 1.458923030011e-02 -3.920658871651e-04
Mode 11
-2.102512578496e-02 2.801913283860e-02 -1.821235400694e-02
Mode 12
4.163646468964e-02 -5.542866054894e-02 4.033567857738e-02
Mode 13
-3.773637211721e-02 -2.826438736028e-02 -2.560501405548e-04
Mode 14
2.722969649348e-02 -3.662254071508e-02 6.744137725736e-02
Mode 15
6.455196309788e-02 4.867460828701e-02 2.549551824930e-04
Mode 16
-4.846412706157e-02 6.425676345012e-02 1.509539353912e-02
Mode 17
7.263115184160e-02 -9.688276878150e-02 4.006192955561e-02
Mode 18
-9.700780366003e-03 -4.666110544319e-03 -6.833952136423e-04
Mode 19
2.477906621694e-02 -3.287277420894e-02 -3.823320918806e-03
Mode 20
1.422358872996e-02 1.074704498908e-02 4.090343040049e-05
Mode 21
-5.494032551802e-02 7.227896739419e-02 1.240581577760e-01
Mode 22
-6.042323289756e-02 -4.549571932373e-02 -2.756123148939e-04
Mode 23
-7.133270074218e-02 -5.380201621841e-02 -2.950907636405e-04
Mode 24
1.247903205679e-01 -1.669803430698e-01 2.478003145624e-01
Mode 25
9.678016788673e-02 -1.281449487776e-01 -5.202139307097e-02
Mode 26
1.543021756638e-02 -1.983968151526e-02 -1.121053529057e-01
Mode 27
-3.103514083298e-02 4.115230546487e-02 -8.180173456096e-04
Mode 28
7.103566426323e-03 -9.986396932768e-03 9.501829602245e-02
Mode 29
7.230941968837e-02 -9.664699806553e-02 1.297892710720e-01
Mode 30
2.217057033978e-01 -2.944417432821e-01 3.439128739192e-02
Mode 31
5.379025623892e-02 -7.226531464475e-02 1.494566434447e-01
Mode 32
-1.681942998654e-01 2.225763971551e-01 1.303166872208e-01
Mode 33
-1.342528302443e-01 1.774443857180e-01 1.309569506974e-01
Mode 34
-4.950742440313e-03 6.357316059364e-03 4.063003996681e-02
Mode 35
-7.733239011523e-04 8.792553840104e-04 2.949978081687e-02
--
Polarizability derivatives 
Mode 0
8.403325439950e-02 -2.376389925849e-02 2.629032813672e-02
-2.376389925849e-02 -7.907710637243e-02 2.456856173589e-02
2.629032813672e-02 2.456856173589e-02 -1.079962299245e-03
Mode 1
-3.581111248490e-01 9.561192230638e-02 5.682982750843e-01
9.561192230638e-02 3.667066583699e-01 4.276276767099e-01
5.682982750843e-01 4.276276767099e-01 2.604575446835e-03
Mode 2
-6.945276546555e-01 7.941964143274e-01 -5.270404654186e-02
7.941964143274e-01 -1.146996969694e+00 7.797236196662e-02
-5.270404654186e-02 7.797236196662e-02 4.989880672403e-01
Mode 3
-1.607907949423e-01 4.501383276331e-02 1.405421247304e-03
4.501383276331e-02 1.648038791993e-01 6.889708616124e-04
1.405421247304e-03 6.889708616124e-04 2.579178478731e-05
Mode 4
-3.171934408125e-01 5.537491133900e-01 -1.606844852363e-01
5.537491133900e-01 -6.376438400056e-01 2.070742049915e-01
-1.606844852363e-01 2.070742049915e-01 9.592658672424e-01
Mode 5
3.827410098281e-01 -4.672848947275e-01 -1.592307360932e-01
-4.672848947275e-01 6.511119665755e-01 2.098822986436e-01
-1.592307360932e-01 2.098822986436e-01 4.666469269896e-01
Mode 6
3.208837889635e-01 -5.821043996896e-01 8.035053326333e-01
-5.821043996896e-01 6.634165380753e-01 -1.059199322065e+00
8.035053326333e-01 -1.059199322065e+00 -9.972600984469e-01
Mode 7
5.473360764025e-01 -1.580892853486e-01 7.323276933869e-01
-1.580892853486e-01 -5.621935564614e-01 5.524905165949e-01
7.323276933869e-01 5.524905165949e-01 7.515361623929e-03
Mode 8
5.734651074827e-02 -9.982369493800e-02 -1.980512787142e-01
-9.982369493800e-02 1.141160503897e-01 2.682393557784e-01
-1.980512787142e-01 2.682393557784e-01 -1.099471624147e+00
Mode 9
3.490593191788e-01 -1.012409060627e-01 1.587782480765e-01
-1.012409060627e-01 -3.494586041898e-01 1.190761079410e-01
1.587782480765e-01 1.190761079410e-01 2.284688123674e-03
Mode 10
6.010363221417e-01 -6.147039624357e-01 -2.682509729527e-01
-6.147039624357e-01 9.501691915741e-01 3.476587327767e-01
-2.682509729527e-01 3.476587327767e-01 1.493755956340e+00
Mode 11
-2.166029627969e-02 -2.140712848536e-01 -6.718266888387e-01
-2.140712848536e-01 9.716101544371e-02 8.862247331564e-01
-6.718266888387e-01 8.862247331564e-01 1.038765914128e+00
Mode 12
-1.107789240129e-01 1.195977283915e-01 1.784577551186e-01
1.195977283915e-01 -1.807034843295e-01 -2.401161503816e-01
1.784577551186e-01 -2.401161503816e-01 8.312596175636e-01
Mode 13
9.096529235749e-01 -2.587702799223e-01 -1.102867281519e-01
-2.587702799223e-01 -9.140929373445e-01 -8.584565869283e-02
-1.102867281519e-01 -8.584565869283e-02 -2.936879781381e-04
Mode 14
-6.920423711332e-01 1.142329854266e+00 -1.116984297044e-01
1.142329854266e+00 -1.354005281489e+00 1.520514951500e-01
-1.116984297044e-01 1.520514951500e-01 -4.148290065068e-01
Mode 15
8.136915472402e-01 -2.321796092147e-01 -4.549249337720e-01
-2.321796092147e-01 -8.055073981763e-01 -3.474239475008e-01
-4.549249337720e-01 -3.474239475008e-01 -3.400327270971e-03
Mode 16
-9.954357120050e-02 2.533519131907e-02 6.252651688909e-01
2.533519131907e-02 -1.075982428868e-01 -8.358903149233e-01
6.252651688909e-01 -8.358903149233e-01 8.760898509990e-01
Mode 17
-5.733116771571e-01 9.888774958815e-01 -2.628688147641e-01
9.888774958815e-01 -1.149077377376e+00 3.657281716612e-01
-2.628688147641e-01 3.657281716612e-01 2.778361868714e-01
Mode 18
9.880254437237e-02 -4.257766277815e-02 5.313241375248e-01
-4.257766277815e-02 -8.303383299827e-02 3.906377988880e-01
5.313241375248e-01 3.906377988880e-01 5.264295258459e-07
Mode 19
5.947180947902e-01 -4.072978826559e-01 -1.595178587883e-01
-4.072978826559e-01 8.256150550889e-01 1.959977284519e-01
-1.595178587883e-01 1.959977284519e-01 3.262016351119e+00
Mode 20
2.149087989952e-02 -6.715837723408e-03 -4.019023991792e-02
-6.715837723408e-03 -1.748272334281e-02 -3.134385605896e-02
-4.019023991792e-02 -3.134385605896e-02 -2.614278257536e-04
Mode 21
9.045980980142e-01 -1.539191431180e+00 4.287238327508e-01
-1.539191431180e+00 1.795369715016e+00 -5.764799400924e-01
4.287238327508e-01 -5.764799400924e-01 8.417297404451e-01
Mode 22
2.224550047514e-01 -6.871629569295e-02 7.304290687400e-01
-6.871629569295e-02 -2.273941309690e-01 5.478410580876e-01
7.304290687400e-01 5.478410580876e-01 6.064938546354e-03
Mode 23
1.915150408243e-01 -5.163934938909e-02 -6.890649920024e-01
-5.163934938909e-02 -1.835056245443e-01 -5.211188622987e-01
-6.890649920024e-01 -5.211188622987e-01 -5.420560391619e-03
Mode 24
-1.306401999885e+00 2.264743336534e+00 -1.651156893069e+00
2.264743336534e+00 -2.628228882053e+00 2.206600604245e+00
-1.651156893069e+00 2.206600604245e+00 -2.023558118020e+00
Mode 25
2.161158275240e+00 -2.677754310127e+00 3.598914848481e-01
-2.677754310127e+00 3.702081192535e+00 -4.879089815805e-01
3.598914848481e-01 -4.879089815805e-01 1.946095904614e+00
Mode 26
3.233675759086e+00 -4.450661320020e+00 3.604892000202e-01
-4.450661320020e+00 5.792981991346e+00 -4.952389030242e-01
3.604892000202e-01 -4.952389030242e-01 2.558597429765e+00
Mode 27
4.857311823021e-01 -4.320090373970e-01 1.367592557305e+00
-4.320090373970e-01 7.498313705884e-01 -1.815013064138e+00
1.367592557305e+00 -1.815013064138e+00 1.582679377263e-01
Mode 28
2.385355701233e+00 -2.891131800763e+00 -4.243718487342e-01
-2.891131800763e+00 4.043649024021e+00 5.531109951621e-01
-4.243718487342e-01 5.531109951621e-01 2.482239111064e+00
Mode 29
3.819856065863e-01 -3.463697317519e-01 -3.848876210382e-01
-3.463697317519e-01 5.742258315257e-01 5.080190326845e-01
-3.848876210382e-01 5.080190326845e-01 6.750299441037e-01
Mode 30
1.897142275016e-01 2.657950213448e-01 -3.398113405663e-01
2.657950213448e-01 3.135285651710e-02 4.565666869428e-01
-3.398113405663e-01 4.565666869428e-01 -3.085788098808e-01
Mode 31
-3.112242533374e+00 4.822733507514e+00 -1.158879584340e+00
4.822733507514e+00 -5.895797039229e+00 1.554427268982e+00
-1.158879584340e+00 1.554427268982e+00 -1.997566135379e+00
Mode 32
2.852540463104e-02 -4.511918144265e-01 5.112041628197e+00
-4.511918144265e-01 3.505256928542e-01 -6.782599459846e+00
5.112041628197e+00 -6.782599459846e+00 -6.370919148565e-01
Mode 33
-5.442276674124e+00 6.637793805099e+00 2.917650270575e+00
6.637793805099e+00 -9.214534934936e+00 -3.830455177854e+00
2.917650270575e+00 -3.830455177854e+00 -7.211176267083e+00
Mode 34
-4.847761872727e-01 1.267712821650e-01 -1.219632074871e-01
1.267712821650e-01 -5.584915857301e-01 1.967987925654e-01
-1.219632074871e-01 1.967987925654e-01 -6.875745506371e+00
Mode 35
4.373249613809e-01 -6.944521572931e-02 -6.523271417775e-02
-6.944521572931e-02 4.766828262177e-01 4.564722601502e-02
-6.523271417775e-02 4.564722601502e-02 7.795779690604e+00
--
