Number of atoms 
14
--
Anisotropy 
71.321
--
Frequencies 
46.531105356241
82.290758663649
108.622581390338
191.869598621791
198.927788935931
299.948076746288
380.495517802467
448.978338613799
540.037999806239
565.841784114432
668.708635395085
705.773170466875
786.165688408206
869.082820798214
941.110285933678
952.724366016587
994.847053135480
1067.055500710322
1098.978201865808
1187.591094371446
1200.091806446557
1230.365069199459
1262.977447610840
1294.957264567860
1324.834457598371
1364.378307391744
1449.026767329455
1471.779264416613
1508.476603728969
1821.379153698959
3003.597370078317
3040.905071172230
3064.246342028846
3085.242590481451
3136.500200301700
3626.656056458621
--
Displacements 
Mode 0
-2.724168376180e-01 4.146077552207e-01 -2.014956225741e-02
-1.257486429099e-01 1.701253249376e-01 -4.467460317334e-02
-1.381675024350e-01 -4.004607561625e-02 -1.190409640491e-01
5.213191773765e-02 -2.709554008165e-01 -1.241188325560e-01
7.604481397604e-02 -1.913025357862e-01 -8.291221197781e-02
3.945079766424e-02 1.152158940467e-01 7.831318834378e-03
-1.443667559225e-01 5.642030354090e-01 8.419540372584e-03
-6.154129177656e-02 -9.653460358563e-03 -4.180768536438e-02
-1.061902094378e-02 -1.353696994590e-01 -6.816673079424e-02
7.292777430391e-02 -8.709800338634e-02 -1.401238901594e-02
7.669010676469e-02 -8.038888465508e-02 -9.834033224598e-03
-2.545907600036e-02 -7.389668481907e-02 -5.207165303001e-02
6.101534067039e-02 4.903011093540e-02 4.170162481830e-02
1.542131802306e-01 -2.669840294946e-01 1.045993273277e-01
Mode 1
5.962892934247e-02 -1.610059272838e-01 -5.053327142053e-01
-4.270936853590e-02 -3.816803107162e-02 -2.674391216749e-01
-2.702536422503e-01 1.015513488056e-01 -8.822404369960e-02
-2.831501789529e-01 1.210275882970e-01 1.315281654010e-02
-3.285432413841e-02 -8.062458931033e-02 -5.320077367142e-02
3.549748904336e-02 -3.956591632411e-02 -2.099670731884e-01
1.455763894854e-01 5.744492396043e-02 -3.340301793330e-01
-9.721530588363e-02 3.567891506879e-02 -2.632146966059e-02
-9.919611930324e-02 4.598069000053e-02 7.795236825356e-02
-1.264281191265e-01 6.891560318625e-02 -3.912068407218e-02
1.279131701240e-02 -3.225761389230e-02 -3.805101462337e-02
-3.204784582064e-03 -6.539200576145e-02 3.135996181265e-02
9.418724127714e-03 -1.222492972539e-02 -5.819533901031e-02
9.792733930312e-02 1.963178276077e-03 4.335735727832e-01
Mode 2
-2.308945359259e-01 2.403726796268e-01 -1.014780488565e-02
-9.238966685136e-02 6.469879346349e-02 -1.044882434706e-01
9.342425115720e-02 -2.477656558315e-01 -3.627788270937e-01
-2.654114799383e-02 -1.298518958928e-01 -1.278303863411e-01
-2.031881569123e-01 3.926837965904e-01 9.474984759671e-02
-1.555168400585e-01 1.274915035921e-01 -3.703361633146e-02
1.663861886428e-01 -3.102341335262e-01 -9.059910781525e-02
3.822224335351e-02 -1.000230419881e-01 -1.250079032233e-01
2.315449220758e-02 -2.908496932393e-02 -1.161873608142e-01
-2.243146596495e-02 -1.307633431276e-01 4.784885612375e-02
-1.570118804373e-01 1.524482724071e-01 1.347090770866e-01
1.896316837670e-02 2.423280185455e-01 -2.098603903900e-02
-1.029404350151e-01 2.374851223742e-02 -7.168198840379e-02
1.061978170106e-01 -1.105453583710e-03 1.900424669669e-01
Mode 3
2.755412801263e-01 1.262221394854e-01 -4.553966654124e-01
1.060283209828e-01 1.836364847978e-01 -5.244263970706e-02
-1.515965923612e-01 1.701259719392e-01 1.138773590779e-01
1.448635656871e-01 -2.332428643561e-01 1.256161982336e-01
1.569475382641e-01 1.195371716826e-01 2.556945104574e-01
1.852971750805e-01 1.947586995822e-01 1.136695474962e-01
1.897939145879e-01 -9.363205892220e-02 1.653069732117e-01
-2.840891453363e-02 -3.263334197983e-02 -4.443352933072e-02
7.441872868502e-03 -1.711724250999e-01 -5.723640314591e-02
1.526287207498e-01 -1.196175103418e-01 1.112319676704e-01
2.829399612364e-02 3.833731711039e-02 1.579971442942e-01
7.359746695515e-02 9.684658865611e-02 4.158990125854e-02
5.469630764471e-02 6.522626386804e-02 1.060947528202e-02
-2.815874774475e-01 -1.001403421993e-01 -9.214170211194e-02
Mode 4
3.586601376400e-03 -3.281124835291e-01 7.260803477904e-03
-1.507038095689e-01 -1.269064118228e-02 5.895053967635e-02
-2.728958527152e-01 3.549981679649e-01 2.373570697947e-01
2.188548602661e-01 -2.018028154779e-01 -2.570264600959e-01
-1.874621686002e-01 7.503527031457e-02 -1.843920027538e-01
-2.389357653148e-01 4.580120266926e-03 -2.849543525706e-02
-1.160287411705e-01 -7.325203857366e-02 -2.954965751874e-02
9.602948661133e-04 2.862075814121e-02 2.815028127659e-02
3.983067618237e-02 -1.942204586239e-01 -2.632127090217e-01
2.939000301277e-01 -9.683719146116e-02 1.511003774033e-02
-9.202348021625e-02 3.690219978870e-02 -2.245054419415e-02
-5.821587824131e-02 9.219413266351e-02 -1.255070380931e-01
-8.122080668753e-02 -8.734527731277e-04 -2.419457221453e-02
1.995294439172e-01 7.125157441103e-02 7.603381410705e-02
Mode 5
-8.333048703046e-02 -4.230879681911e-02 3.221780908578e-01
6.411162442573e-02 -1.520802511443e-01 2.355973860725e-02
-5.848707676179e-02 1.182130762105e-02 1.807489979671e-01
4.062489546435e-02 -1.382923707075e-01 1.503976777703e-01
1.396016560602e-02 1.362481952184e-01 2.268596605562e-01
1.386728235833e-01 -2.419987280247e-01 -1.523499000226e-01
2.789244244793e-01 3.225672204550e-01 -4.850143942518e-01
-9.482864572382e-02 9.377618016477e-02 1.058311033096e-01
8.986145707331e-03 -7.811657606935e-02 -1.808618776689e-02
6.245549519740e-02 -8.070265817626e-02 9.367888232999e-02
-1.249388041379e-01 9.288894861552e-02 1.592060404573e-01
1.387278691447e-01 1.662651684162e-01 7.440768342357e-02
-2.337214961273e-02 -1.022187791707e-01 -6.464807289650e-02
-1.342030431697e-01 -2.985414802408e-02 -3.098779719356e-02
Mode 6
7.101866176965e-02 1.638059267490e-01 -9.422294292584e-02
1.102808800003e-01 -4.508650030344e-03 -1.424843397282e-02
-9.680395090074e-03 -3.798758167255e-02 7.674854945897e-02
-1.410228156386e-03 -7.113598566373e-02 1.473915384798e-01
9.432658209693e-02 6.885090288350e-02 1.540368707704e-01
1.359623568433e-01 -1.033888191173e-01 -4.688600195149e-02
-7.909242744377e-01 -2.104821199868e-01 -2.569048215120e-01
-6.111471351420e-02 3.876937058274e-02 4.432498758694e-02
-4.139773278323e-03 -2.891276389915e-02 3.987652741293e-02
-1.569052480059e-03 -3.541274885465e-02 5.657472950035e-02
-4.018462138298e-02 4.732097301278e-02 1.098387679797e-01
1.109866132426e-01 8.594026217353e-02 6.256516402529e-02
2.892081515340e-02 -3.700217992837e-02 -1.401376454855e-02
2.149331430650e-01 7.038979357738e-02 2.918063613731e-02
Mode 7
-1.786718230737e-01 2.442638945680e-01 -2.242932201633e-01
9.188601818645e-02 -2.713280361994e-01 -1.417353318424e-01
-3.091974606687e-02 2.781925368219e-02 6.097714529347e-02
4.659439044455e-02 1.087820555915e-01 -1.879920854502e-01
5.322957918390e-02 1.331556325048e-01 -1.568306496188e-01
1.014589138070e-01 -4.114889679565e-01 -6.870072517525e-02
3.112672123918e-02 1.707674169459e-02 4.339223542497e-01
-1.393174007544e-01 2.711550417099e-01 2.279474892481e-01
1.456383510744e-02 4.118777220542e-02 -3.945394286571e-02
1.411196610815e-02 5.161902759138e-02 -7.554320809358e-02
-1.555438707673e-01 1.125141442829e-01 4.794702466833e-04
1.380242193887e-01 1.663049680764e-01 -4.914025868407e-02
-3.043581666765e-02 -1.853095472470e-01 6.059954178906e-02
-1.439850039686e-02 -7.807009572437e-03 9.534837797176e-04
Mode 8
1.475136094750e-01 3.596587823811e-01 -3.098613767969e-01
1.448381961909e-01 -4.854116841957e-02 2.006372546359e-01
1.848079683573e-01 -2.159864824011e-01 3.097292939837e-01
1.082710559424e-01 1.280056569835e-02 9.010822302071e-02
-3.894415404440e-01 -9.678597088441e-02 -3.141927513477e-02
-2.868378704861e-01 -5.584297533110e-02 1.130990320518e-01
9.170817046063e-02 3.687205167596e-02 -2.377663488859e-01
-2.432461527403e-03 5.277879837420e-02 1.734953142555e-01
9.811052021041e-02 5.904180752594e-02 -6.983715085430e-02
6.034791456925e-02 -8.769775448149e-03 4.435069279666e-02
-1.495126888893e-02 -6.794693628250e-02 -1.166425708036e-01
-2.207355485319e-01 -1.219859670642e-01 -2.427622869263e-02
-1.558856424186e-01 -4.858115307223e-02 -3.914520224002e-03
-6.961944414621e-03 -3.572321406339e-03 9.358104968133e-03
Mode 9
1.770176709378e-01 -1.463257610874e-01 1.487963492941e-01
5.704637730763e-02 1.422253228566e-01 -1.181443503678e-01
7.184554656937e-02 -1.114694385053e-01 -2.231881945180e-01
-4.173939096567e-02 -1.249649670732e-01 9.868930468304e-04
-7.011750906752e-02 -3.118397400981e-02 4.099895358448e-02
-6.337210825872e-02 2.442135798228e-01 -2.642404880745e-02
-8.974222597875e-03 -4.760755357073e-02 4.638297586560e-02
-4.986174461874e-01 5.817275507244e-01 3.332814424515e-01
1.336366525467e-03 -3.624473801795e-02 -3.566115023905e-02
-1.171987375187e-02 -6.444190853497e-02 2.873329947467e-02
6.559977940310e-02 -4.863715644641e-02 2.059955000841e-02
-8.143426253176e-02 -4.807546469989e-02 -8.849918416736e-03
-2.300193642623e-02 6.306907108750e-02 7.340871148531e-03
2.373290134580e-03 1.755353604346e-03 -9.696979039233e-04
Mode 10
8.611654640181e-02 1.593038327263e-01 2.269482055350e-01
3.371821500317e-01 -7.771839053128e-02 -4.373742950313e-01
-1.337274828286e-02 3.133238781537e-01 -1.726879000710e-01
1.430756280170e-02 -1.553482449456e-02 2.119265112172e-01
-2.570748812999e-01 -1.030445907321e-01 1.234918791702e-01
-9.440491767065e-02 -1.335402612266e-01 -2.142638744758e-01
-3.357050146632e-02 -1.280915707160e-02 1.803403736608e-01
1.112746074038e-02 -9.576223260776e-02 -2.266898836403e-01
9.483585763332e-03 -7.340576465900e-02 -8.218142454168e-02
8.662157944772e-02 -9.199893091612e-02 1.649313079654e-01
2.348730909967e-02 -6.901544501512e-02 -1.187801579836e-01
-1.479226580999e-01 -1.722251814669e-01 1.012425343807e-01
-1.402198600921e-01 -1.232103562695e-01 -2.355896949906e-02
3.808748793244e-03 2.386123361951e-03 1.711110193956e-06
Mode 11
4.186433565284e-01 1.630720987127e-01 2.366258148270e-01
3.055854236185e-01 8.872052788832e-02 6.935827004724e-02
-2.518717646964e-01 -1.633961179727e-01 2.052507498053e-01
-3.875182387021e-01 -1.905345731474e-01 -2.488217864654e-01
-1.179817525906e-01 5.408312764793e-03 -2.375333188858e-01
5.996447628050e-02 5.648738880349e-02 -1.387341902709e-01
2.083698958442e-02 9.536950008457e-03 8.676325696524e-02
-5.115250078379e-02 -1.686627322430e-01 -6.883725411682e-02
-9.485309904051e-02 1.937306320569e-02 1.010918220275e-02
-1.435974930437e-01 3.169425912878e-02 -1.617691492404e-01
-1.034459482542e-01 2.381723588505e-02 1.147659944395e-01
4.825347152943e-02 1.318111280404e-01 -1.152259088418e-01
1.112549618902e-02 3.203509624478e-03 -1.852464788634e-02
-2.125622346605e-03 1.576686555820e-04 -2.813237963775e-03
Mode 12
1.918470063588e-01 -4.870426433460e-02 -7.988369782918e-02
-2.419680521762e-01 4.942466507913e-01 2.526781730228e-01
1.683683347400e-01 1.860904060114e-02 -1.736982337118e-01
3.766200681402e-02 -9.400493413432e-03 1.184097368364e-01
-1.751454104857e-01 -1.991632852631e-01 6.510816316731e-04
-2.711779155735e-02 -3.916354115957e-01 -2.999867939448e-01
1.180170209983e-03 6.304786682472e-02 1.457715762004e-01
-1.213860475573e-02 1.946267906605e-02 -5.882900448316e-02
1.770379599875e-02 -5.728336848074e-03 6.758425078876e-03
1.868608693276e-02 -1.499140642796e-02 5.034554370047e-02
-2.881605575091e-01 4.591827721913e-02 -5.625960884091e-03
1.438632663592e-01 7.051085890990e-02 6.804196977338e-02
1.363138044106e-01 1.332210580795e-02 -1.788198098157e-01
-8.492735448701e-04 4.764913851441e-04 1.087265534956e-03
Mode 13
4.736398310023e-02 5.090558949030e-02 2.814165311798e-02
7.519742248376e-02 5.685029309412e-02 -1.501106701737e-01
3.918482139719e-02 2.472505032657e-01 -1.310775100408e-01
1.766054821873e-01 -1.227564336164e-01 2.270841307294e-03
2.853800293234e-02 -2.797002664742e-01 5.149302673414e-02
-3.107885411832e-01 -6.644099515912e-02 3.519181286512e-01
3.633357802307e-02 -2.126857693915e-02 -1.405006953775e-01
-3.466642733445e-02 4.323551647056e-02 -8.261163488264e-02
-3.831871189850e-02 1.169342649638e-02 3.744950025331e-01
-1.088779181509e-01 2.005654795053e-01 -2.580604080539e-01
-2.324020981218e-01 1.446940516937e-02 2.228170751374e-01
8.809187592998e-02 2.105805876475e-01 -1.869958586567e-01
-9.360000403576e-02 -5.435536556168e-02 1.889316069996e-01
-1.041434547519e-03 -6.438927042260e-04 1.958516127869e-03
Mode 14
-1.550320428966e-01 -2.597455598944e-02 -5.328180227805e-02
-5.873290617190e-03 -1.368481592948e-01 -8.537261435978e-02
6.197492249795e-02 -9.640690408703e-02 2.351087104072e-01
2.471897510392e-01 -1.189352503779e-01 2.661464423873e-01
4.845986338033e-02 -5.412494107554e-02 -9.905650169113e-02
-1.686064710007e-01 3.307910991066e-01 -5.571098872356e-01
-1.491239018558e-02 9.252476760328e-03 1.676160433285e-01
-2.762638296345e-03 -4.996779593002e-02 3.519404943378e-02
7.059966842602e-02 6.110483002412e-02 2.849300598154e-01
-4.077990658282e-02 1.087052761953e-01 -8.378505324310e-02
7.449878635752e-03 -1.667433499958e-02 1.324005242284e-01
4.899325805493e-02 1.085449623475e-01 -1.178543121390e-01
-6.815393346838e-02 1.177499783542e-01 -2.481703310592e-01
2.656649950453e-03 6.581255405110e-04 2.110334709439e-03
Mode 15
6.855761696302e-02 -2.447284496981e-03 3.234349858158e-02
9.330427929451e-04 1.068159719324e-01 3.206932294676e-02
-1.794105130780e-01 -1.353648869965e-01 -5.859622013983e-02
9.691529678688e-02 -7.621233048694e-02 3.865659378353e-01
2.373176906849e-01 3.145821214783e-01 -3.979694345728e-01
-1.356661150285e-01 -1.447329519031e-01 1.268526520581e-01
2.824050942802e-02 5.940290242379e-03 -3.067967783962e-02
-2.177883981136e-01 -6.581387692910e-02 -1.162863583449e-01
-7.698871080044e-02 -1.359829604178e-01 2.195712891396e-01
-3.856630976633e-02 -7.416516707182e-02 1.445449518104e-01
1.291805101176e-02 1.354586435255e-01 -4.172947294080e-01
-3.274180110105e-02 4.960001844068e-03 -1.363559934458e-01
-8.214826196774e-02 -7.197895283546e-02 4.775662209183e-02
-1.181086032162e-03 -2.360423501613e-04 8.155102650655e-04
Mode 16
-1.015097150848e-01 -3.811193996517e-02 2.908152657182e-02
4.157812210736e-02 -8.821298671558e-02 -1.950166145956e-01
-2.761528545640e-02 -9.139489472036e-02 6.808346666330e-02
6.595756188407e-02 1.194711869689e-01 2.286029618186e-01
-2.933777756740e-01 -1.908777289549e-01 -2.289722928973e-01
2.530777508566e-01 2.396293772550e-01 1.357657608568e-01
6.687672216645e-03 -3.196729265893e-02 -4.100764487684e-02
-9.210136660948e-02 -4.775658248521e-02 -3.870014604908e-02
1.038364929419e-01 7.352723533012e-02 -1.229721716598e-01
1.011861222259e-01 -1.545849936775e-03 1.191576329292e-01
-4.084033917610e-01 8.832905302672e-02 -1.109706757954e-01
1.389411356371e-01 1.108579554547e-01 -3.925655009022e-03
3.934390558031e-01 1.876484635577e-01 2.471780522796e-01
5.441390802668e-05 -1.043346831414e-03 -1.624196814009e-03
Mode 17
9.230061673463e-03 -6.518708784415e-02 4.974166619614e-02
-3.420942679257e-02 1.700215622225e-01 -1.001783893729e-01
-3.231011742951e-01 -2.167244641437e-01 3.639649315514e-02
4.059797941329e-01 1.111826635406e-01 -1.298701039686e-01
-1.396574384626e-01 7.676980912891e-02 2.181596788783e-01
2.184833153886e-01 -1.216962319512e-01 6.450315757971e-02
-2.490801280486e-02 7.022837218561e-03 1.103943323152e-02
-3.341442811077e-01 -1.460210163048e-01 -1.816086920880e-01
2.692823545296e-01 3.016564711368e-01 1.336109405857e-02
-2.348401952025e-02 1.633342539456e-01 -2.073829135710e-01
7.784766473766e-02 -2.669532487242e-02 -1.634780183458e-02
-1.846247917973e-01 -3.812647916898e-02 -2.029680186281e-02
-4.925770042828e-02 -4.931556937812e-02 -1.345959163569e-01
-1.841465872784e-04 5.609249883660e-04 -2.195260541723e-03
Mode 18
7.107947426777e-02 4.248297218178e-02 3.278461624847e-02
3.963566160079e-02 3.881422306585e-02 -3.536647680521e-02
-1.438881398941e-01 -2.183749304519e-01 3.172351571973e-02
-2.596726707727e-03 3.291174996859e-01 -1.708463582343e-02
3.559301681653e-01 -1.794775614782e-01 2.412457732442e-02
-4.707377146577e-01 2.158763564646e-02 -8.418972206867e-02
2.766162441237e-02 -5.655307192866e-03 -1.439832851051e-02
-1.995220339343e-01 -1.036044552476e-01 -1.017443226031e-01
7.886409065860e-02 6.899366812334e-02 -3.163244219693e-01
2.096522272216e-01 1.167949798421e-02 1.189524071427e-01
1.515138652406e-02 -1.660196965347e-02 1.565271970900e-01
3.246334983817e-01 1.012749806039e-02 1.673816079614e-01
-7.449566662597e-02 -2.071076185943e-02 1.594313974603e-01
8.185886503794e-04 1.391121489434e-04 2.594255539288e-03
Mode 19
2.011862324409e-02 6.593833271189e-03 -5.409990943224e-03
-1.432127349999e-02 3.977973093655e-02 2.967264588831e-03
-5.262577390588e-02 1.073635548372e-01 9.011021969117e-02
1.383912373488e-01 -2.543657200926e-01 -1.705528515998e-01
2.813244604833e-03 1.321456688555e-01 8.952949878988e-02
-1.976581362256e-01 8.458492097215e-03 -1.972768363789e-01
1.929346701252e-02 -2.075646891422e-02 -1.514681083596e-02
7.891146066305e-02 2.326239777066e-02 5.691138918674e-02
2.016059538212e-01 2.530620557266e-01 1.137063530149e-01
-3.926754805777e-01 -2.302489931823e-01 -1.015248476605e-02
9.199226293664e-03 4.781423655643e-02 -2.096008567817e-01
1.267453690554e-01 -1.381504306763e-01 3.219170158659e-01
2.131548848845e-01 -9.921440580125e-03 4.384502114426e-01
1.045975916052e-03 -6.661143771874e-06 7.022819189009e-04
Mode 20
5.273851747476e-02 6.327622910180e-02 3.604141081229e-02
1.267588656709e-01 -1.630857893442e-01 -5.155275640557e-02
-1.104238999186e-01 -4.537219645270e-02 -5.747753028011e-03
7.892092664083e-02 3.552147509085e-02 -2.155526391056e-01
9.696819835502e-02 -4.064027978623e-02 2.148441108430e-01
-1.927079609695e-01 1.552226430219e-02 1.622080820113e-01
-1.379082696465e-02 3.084832536099e-02 1.229345027597e-02
2.788434852918e-02 2.714326863141e-02 6.357073828285e-02
-1.257085760206e-01 -1.378831169740e-01 1.009774973500e-01
-2.598271901172e-02 -2.150918460074e-03 -7.011081823073e-02
-2.472957793935e-01 1.274041764652e-01 -3.700047291391e-01
1.148763334904e-01 -8.254321333247e-02 2.203062024238e-01
1.577876329306e-01 3.466205409692e-01 -5.216517685765e-01
-1.245802761337e-04 -6.041301724207e-04 4.383940993551e-04
Mode 21
3.296685109981e-02 1.303401358638e-03 1.597920211955e-02
-3.476572773945e-02 5.782855513671e-02 1.598007560079e-02
-2.671148423935e-02 -2.031439012442e-01 -4.645216165525e-03
6.760488660489e-02 9.698242346297e-02 -9.759274300804e-02
-7.510432820122e-02 7.215966172496e-02 2.510720759037e-01
3.743590966144e-02 8.858000652972e-02 -2.668775898243e-01
2.682194656701e-03 -2.423074344244e-02 -2.827055820785e-03
5.828067951613e-02 -2.760003176259e-02 5.906052485455e-02
-2.986095122667e-01 -3.589013141550e-01 1.864654606056e-01
3.317089579003e-01 3.065001757848e-01 -2.121699763070e-01
-8.140841093138e-02 6.047383450393e-02 -2.134386495686e-01
-8.700491618036e-02 -4.878861273856e-02 8.424232780530e-02
3.137580059474e-02 -1.400678312221e-01 4.129289866912e-01
1.105015600560e-03 5.752614994955e-04 -8.122184739064e-04
Mode 22
2.162097195675e-02 6.653893260284e-02 -3.841326713140e-02
9.952662969481e-02 -2.926375014140e-01 3.166579587161e-01
-2.887383307207e-02 9.934765475027e-02 -1.741230379042e-01
1.529174255929e-01 1.215484413167e-01 -2.925348416477e-02
-2.085520354551e-01 1.425682211238e-01 -1.092853600195e-01
-1.135846994881e-01 -1.210503589068e-01 -5.061801568009e-02
9.524772829720e-03 5.515417788659e-03 -4.138602568746e-03
-2.855801928903e-01 -2.093210485971e-02 -2.180937727304e-01
-1.423137430693e-01 -1.780745242732e-01 1.444076674119e-01
-1.004208283251e-02 -1.087140116999e-02 2.010907690655e-02
2.641567233270e-01 -1.171147169024e-01 3.148621290399e-01
-2.405892064890e-02 -3.420666382753e-02 7.984015499034e-02
4.126733170517e-01 2.126999983888e-01 4.963876933659e-02
-4.653192399001e-04 -1.322675018245e-04 -3.816677680802e-04
Mode 23
-2.850314519864e-02 -2.317114085911e-02 3.325176909207e-02
-1.919424378927e-02 1.740246229433e-01 -3.636065107805e-01
1.358400811136e-01 -6.155829025766e-02 1.707656905414e-01
-2.066678496290e-01 -1.829449774247e-01 1.218622283921e-01
7.610307424794e-02 2.193640031175e-01 2.396727926869e-02
-2.405507568753e-01 -2.845786606605e-01 5.548781707353e-02
1.123459799591e-02 7.409620240875e-03 -2.705949365100e-03
1.024057696405e-01 -3.410385074879e-03 8.827679833291e-02
8.241415329077e-02 9.697350930041e-02 -1.049368299478e-01
2.190079485524e-01 2.325757572069e-01 -1.575821925845e-01
1.971316999241e-01 -1.234778152086e-02 5.566585902390e-02
-1.512421258707e-01 -9.364571654879e-04 -1.035200574710e-01
4.372045202629e-01 2.374439357944e-01 -4.484419501995e-03
2.732055030644e-04 -1.033734075923e-03 2.347756835201e-03
Mode 24
6.289009432599e-02 3.519222800274e-02 2.376496721270e-02
2.747205460964e-02 -3.789964617860e-02 3.513459990045e-02
-1.498006806138e-01 -4.840133286213e-02 -3.932900152423e-02
5.850600768745e-02 2.329207262693e-01 -7.613947353549e-02
1.754285956430e-01 -1.354873118826e-01 2.870744243259e-01
-8.329760163429e-02 -5.762589826559e-02 -1.684159100124e-01
-1.007941223321e-03 -4.817155686645e-03 -5.832696915800e-04
1.085533115775e-01 1.499420616706e-02 8.396384505781e-02
-2.570111252687e-02 1.867469626109e-03 -1.727551215249e-02
-1.656533264733e-01 -2.578406921538e-01 2.397508931830e-01
-7.853014459949e-02 2.365384886256e-02 -5.761953454170e-02
-3.671531066474e-01 1.920012205788e-01 -5.585392225037e-01
2.204916141787e-01 7.494426568691e-02 1.071690991529e-01
4.952678669483e-04 7.972837395430e-04 -7.291798377536e-04
Mode 25
6.631690063082e-02 -2.063238375279e-02 8.642942446614e-02
-3.613846925141e-02 2.256115735020e-01 -3.122191315438e-01
-2.187102021873e-01 -2.187913416020e-01 4.568800720671e-02
2.449445548106e-01 2.252611780592e-01 -6.153716548709e-02
-1.778406986478e-01 1.695278451679e-02 -2.059373535702e-01
7.951662696637e-03 -8.507472648564e-02 1.063589182191e-01
1.583064421133e-04 1.618283320774e-03 3.455091159753e-03
3.583199971275e-01 3.425993008132e-02 2.953536036439e-01
-1.360171835385e-01 -1.442927639043e-01 2.399810032231e-01
-5.696067843483e-02 -1.841614911872e-01 1.949861605772e-01
1.484495027583e-01 -1.002489735219e-01 2.797111751938e-01
1.070248376947e-01 -3.391387505171e-02 1.371819797989e-01
-4.320573167327e-03 -3.737189071297e-03 -4.554275606355e-02
-4.467393728191e-05 -5.641260372606e-07 -1.753019171828e-04
Mode 26
-1.713286439852e-01 -9.309560119618e-02 -4.501140873961e-02
2.159270921420e-02 1.806813521072e-01 -1.747534856369e-01
3.591285338594e-01 6.107132526045e-03 3.659522412299e-01
-7.060710858147e-02 7.454123682652e-02 -2.776271356125e-01
1.151876431063e-01 3.345822569758e-02 -3.114254329949e-02
1.908315093771e-02 -1.830554155751e-02 1.692691895155e-02
-1.952297361629e-03 -1.978069320577e-03 3.225679626191e-03
-3.266010983447e-01 -1.135903501899e-01 -1.993812886934e-01
-1.641673131542e-01 -6.383499267676e-02 2.159411429333e-01
4.018409103712e-03 -2.294974364224e-01 1.748665358861e-01
-2.359539230136e-01 1.093172440762e-01 1.777311442824e-01
-2.027595784028e-01 -2.589139545953e-01 3.491056397161e-02
-1.628243096892e-02 -1.734187732689e-02 1.411468207788e-03
1.744127976436e-04 1.065197727172e-05 1.163879973823e-04
Mode 27
9.495731765152e-02 5.319519672925e-02 2.260026475308e-02
-1.287424392892e-02 -1.108120022671e-01 1.131066529705e-01
-2.139264888571e-01 -5.914695237526e-03 -2.083731536158e-01
4.422547799275e-02 -5.661717120531e-02 1.286228533651e-01
2.021781020437e-01 9.660958511596e-02 -1.384209768082e-01
-7.637935023162e-03 1.795774278683e-02 -3.959203271549e-02
1.868838132887e-03 1.142613337751e-03 -6.181531710736e-04
1.717110801384e-01 6.368017515716e-02 1.090102879427e-01
1.127374820889e-01 9.578500354348e-02 -4.031620912602e-02
7.933108183562e-02 9.618305971887e-02 -5.590779896477e-02
-4.108435772635e-01 2.050088055402e-01 3.592307038593e-01
-3.351466613011e-01 -4.812983544283e-01 9.215223501194e-02
1.186693971723e-02 5.598937144417e-03 7.097030293630e-03
-3.772796097168e-05 8.161085722289e-05 -6.924303221434e-05
Mode 28
-5.279764356494e-02 -3.638816380472e-02 -5.813704557831e-03
2.028385214748e-02 9.061273795750e-02 -8.089375282334e-02
7.819470085408e-02 -1.797846641209e-02 1.245869588833e-01
1.729603099147e-01 8.047069849076e-02 1.607770838448e-01
2.920957507371e-02 1.617492517665e-02 -1.714802170912e-02
-9.099903173886e-03 -1.568134989992e-02 -3.339752856411e-03
-4.985018014353e-04 -1.420579135020e-03 1.031948334186e-03
-2.963847618656e-02 -2.680238800782e-02 -6.760422618915e-03
-1.011504122942e-01 -4.425756051707e-01 -4.831758214447e-01
-5.966203772731e-01 1.372005661597e-01 -2.537225072793e-01
-4.555313261459e-02 2.517351901435e-02 6.943349613021e-02
-4.870123293053e-02 -6.431162702370e-02 1.260507516231e-02
4.703010143018e-03 -3.016226570568e-03 1.217282227263e-02
1.736606765693e-04 1.618840380732e-04 -1.828112261392e-04
Mode 29
4.673263555653e-01 2.501627426442e-01 1.254927413419e-01
-7.006567281642e-01 -3.309529016049e-01 -2.399566388171e-01
1.198504449967e-01 2.731178031139e-02 9.155873052374e-02
2.284098360071e-02 1.334250773839e-02 -1.292847232474e-02
1.315326010395e-02 1.134452796988e-02 3.046684744129e-03
4.043451413370e-02 1.789888080402e-02 1.232294042119e-02
1.123297039960e-03 -9.557454514518e-04 -2.413018723519e-04
-9.762975449326e-02 -3.240035379144e-02 -6.656890199584e-02
-1.259080051547e-02 -2.917033709156e-02 4.277965432399e-03
-4.137240731273e-02 -1.737917058153e-02 9.978164969524e-03
7.830414975546e-03 4.411257202619e-03 1.068033022051e-03
-4.584231278007e-03 -2.387978590476e-03 -2.606177451396e-03
-1.158320603659e-02 -7.547753313190e-03 -4.250059126259e-06
-6.447003108271e-05 -9.657350229374e-04 2.401048263290e-03
Mode 30
-1.833574737562e-03 -5.412422263206e-04 -1.174706525478e-03
4.683466620751e-03 -1.419617560293e-03 4.937248446594e-03
-6.611917758316e-03 -1.207847832746e-03 -3.802945273829e-04
-8.422317150205e-03 -1.367728940177e-01 -2.096931828559e-01
-1.549930981163e-03 1.440610803510e-02 1.028671178812e-02
1.207955963499e-03 -7.769268856538e-04 1.199614259769e-04
6.909438621838e-05 1.051154460930e-04 9.944304141884e-05
-4.476920851689e-03 -2.593513445507e-03 -1.523473107852e-03
2.216797347250e-01 -1.492252703608e-01 5.064618907747e-02
-1.789657524172e-01 6.334590371708e-01 6.533418383332e-01
-1.415573320838e-02 -2.587006353299e-02 -4.276401920131e-03
2.513923109634e-02 -2.458870714104e-02 -2.262235732453e-02
-3.626903157214e-03 5.113973054363e-03 8.929495642521e-05
3.519523751942e-06 -2.914254770806e-05 3.641134128817e-05
Mode 31
4.422886040421e-04 8.281400481387e-05 6.099628577550e-04
1.842539741243e-03 -2.238077217146e-03 -9.219427347956e-04
-1.369500891835e-03 -8.212868705761e-04 -1.319228045893e-04
5.484723318907e-03 -1.363561399506e-03 2.436452970643e-03
-2.365316661791e-02 2.330563499430e-02 2.097543808889e-02
1.395699798754e-01 -2.234887363248e-01 -7.921225926024e-02
-8.768908401337e-04 8.052002528586e-04 -9.046060578975e-04
1.204510990195e-03 7.111464139005e-04 -1.206932693143e-03
-1.775423338109e-02 1.096215173835e-02 -4.536112090371e-03
2.605112966068e-03 -5.293414012155e-03 -3.459048038505e-03
-2.059795198884e-03 -3.063494224955e-03 3.521836064335e-03
7.388921910398e-02 -7.653424509719e-02 -7.887705055104e-02
-4.752482232286e-01 7.731395793493e-01 2.846519764633e-01
2.688640145563e-05 1.044140649573e-04 -8.657090721414e-05
Mode 32
-3.818409350861e-04 -1.992014486795e-04 -7.674825254425e-05
5.417215470243e-04 1.211904017266e-03 -1.079714961187e-03
7.284019458945e-04 7.469577933605e-04 -3.819035551418e-04
6.246170631715e-02 -4.474190067789e-02 6.335963862734e-03
-1.858026366256e-01 2.718184587740e-02 1.351653343451e-01
-1.669449345759e-02 2.919005098159e-02 1.057374837603e-02
8.032590873915e-05 -2.752794843111e-04 -2.413841821625e-05
1.346095198087e-04 1.343315203785e-03 9.182376432543e-04
-2.030386023707e-01 1.273997177837e-01 -6.166180680557e-02
-4.578566887660e-03 2.794764904159e-02 3.137655804093e-02
1.547840885935e-01 3.819132718747e-01 2.599176659386e-02
4.730317478857e-01 -4.862649637510e-01 -4.812261434381e-01
5.936991006515e-02 -9.610241337471e-02 -3.447504996372e-02
-6.284854913395e-07 -7.077465371102e-05 -6.217104953205e-06
Mode 33
1.146066802002e-03 4.599070122160e-04 3.770997591210e-04
-2.516204993180e-03 -1.749165366729e-03 -2.487262947207e-03
-1.977668595141e-03 1.861716772451e-03 2.430797748575e-04
2.233574464652e-01 -1.840772303406e-01 1.724561080843e-02
5.274507074112e-02 1.241700202589e-02 -3.332745348870e-02
-5.818994620760e-04 -2.002748981519e-03 -2.547735914972e-03
-7.051815315690e-05 5.395991284225e-05 1.989896616948e-05
1.628578428160e-03 4.327631456071e-04 3.338899430007e-03
-7.191165330171e-01 4.660770289218e-01 -2.241530901590e-01
-3.763319304575e-02 1.583142202842e-01 1.796636579654e-01
-6.379712892301e-02 -1.528352230561e-01 -8.807308217095e-03
-1.150942199487e-01 1.167338365808e-01 1.183831208274e-01
-4.864986048206e-03 7.133146809870e-03 2.156394120194e-03
3.166619484402e-06 2.506995656019e-05 -1.686558706428e-05
Mode 34
-5.443244925340e-04 -1.744002490592e-04 -2.642938476539e-04
2.549428533472e-03 6.224805263406e-04 3.506540933648e-05
8.256248940736e-04 2.052882124670e-03 -7.793681854232e-04
1.286568917773e-02 -1.763524914306e-02 -1.105982522026e-02
-3.217078093077e-02 -2.958203001402e-01 -7.961927050537e-02
1.146620684727e-02 -1.504094775694e-02 -4.185163264374e-03
-1.009981399997e-04 8.593461496644e-05 1.986105906237e-04
1.209358826882e-04 -2.654109310859e-04 8.012532275217e-04
-3.556693702232e-02 2.365336705570e-02 -1.103661249971e-02
-1.031850842096e-02 3.750099335777e-02 4.407502704276e-02
3.398823070381e-01 7.783234338382e-01 3.771627625027e-02
-2.431960266719e-01 2.329581953777e-01 2.421395807300e-01
-3.278064487052e-02 5.107281450435e-02 1.638734218482e-02
-1.640691659568e-05 4.908811341632e-05 -1.667866571187e-06
Mode 35
9.946973885670e-04 4.088775920928e-04 2.576744015430e-04
4.398571048624e-03 -9.030820752394e-05 3.336967377560e-03
7.633740907290e-02 1.820944679811e-01 -1.776333062828e-01
-4.895956092946e-03 -4.375257619296e-03 -4.038818953153e-04
-1.481858388815e-03 -8.840474347366e-04 1.052519476844e-03
4.091611744868e-06 -1.482943826498e-03 6.979777451494e-04
-1.050415020666e-04 1.671930017015e-05 -9.741213037796e-05
-2.815928333855e-01 -6.562216720413e-01 6.476444362435e-01
1.207829905458e-03 9.928051958352e-04 6.323256267440e-04
-1.214692682316e-04 -1.684788996182e-03 -1.940942189346e-03
-4.087252012417e-04 -1.168180244463e-03 1.321074966951e-04
4.608738542069e-04 -3.938861275638e-04 -7.408983517416e-04
-6.164719625789e-04 1.297571189718e-03 3.343259629754e-04
-2.388721438114e-06 1.947627661101e-05 -4.078210156084e-05
--
Dipole derivatives 
Mode 0
6.603457755045e-02 -3.911140176654e-02 2.984005352259e-02
Mode 1
-1.369539439245e-02 1.681278779329e-02 8.204744970606e-02
Mode 2
-1.581415634581e-03 1.451621221385e-03 3.117397591200e-03
Mode 3
1.980987883223e-02 -2.422107501876e-02 5.030843204627e-02
Mode 4
3.669939693705e-02 8.706801941376e-03 -3.332913050298e-02
Mode 5
-3.150737410476e-02 -3.499104552414e-03 -8.935118369738e-03
Mode 6
-3.681993798436e-03 9.722999019174e-03 1.573728334565e-02
Mode 7
-2.763984389057e-02 5.937246027084e-02 5.663429643535e-02
Mode 8
-4.611492445854e-02 -3.261827991077e-02 9.373557060036e-02
Mode 9
-2.738014945047e-01 1.060487850926e-01 2.191041093906e-02
Mode 10
5.168889700021e-02 -8.882590842230e-02 -1.035045840823e-01
Mode 11
1.049222179760e-02 -9.101958795790e-02 -2.816567901452e-02
Mode 12
-9.311367440696e-02 1.022513001251e-03 -2.776630682324e-02
Mode 13
-4.684694182586e-03 5.968043866688e-03 -1.404774654806e-02
Mode 14
-6.057613336821e-03 -3.593935803148e-02 -7.788865333144e-03
Mode 15
-1.491661724779e-02 4.358480535649e-02 -1.767561729020e-02
Mode 16
-1.985474771507e-02 -8.787958738414e-03 -3.428040752005e-02
Mode 17
-4.139729540021e-02 3.721291829876e-02 -1.151591369229e-01
Mode 18
1.886908095617e-02 6.017461336598e-02 -4.726094880392e-02
Mode 19
5.358015945120e-02 -3.430223376910e-02 -4.255856457021e-02
Mode 20
4.730889918641e-02 1.022406809556e-01 4.464956064532e-02
Mode 21
-5.383478801328e-02 -9.118184597294e-02 -4.513789156167e-02
Mode 22
1.236295433051e-01 9.528010112622e-02 1.384205710419e-01
Mode 23
-1.625496319376e-01 -1.150751739313e-01 -1.589675542302e-01
Mode 24
-1.037138083259e-02 2.106115584601e-02 1.181741594793e-02
Mode 25
-3.649139651467e-02 4.724520536707e-02 -1.034314462954e-01
Mode 26
-1.562784263325e-01 -1.130077829295e-01 -1.122261034858e-01
Mode 27
3.575529689970e-02 5.193219029099e-02 1.229056256481e-01
Mode 28
-1.414677175780e-02 1.355898064312e-02 -6.741100614874e-02
Mode 29
-3.045306798743e-01 -4.479556149215e-01 -3.183172699599e-02
Mode 30
-2.205046446882e-02 -2.303577609835e-01 -1.238322313605e-01
Mode 31
1.811264127207e-02 -5.305189831183e-02 -6.946591535155e-02
Mode 32
-2.213789251207e-02 -1.759578051022e-02 7.308749944460e-02
Mode 33
1.733136007079e-01 3.968710395978e-02 -6.322113689472e-03
Mode 34
2.146096689034e-02 -1.125957074559e-01 1.869247027371e-02
Mode 35
8.674884604752e-02 -2.235572254298e-02 2.020348914818e-01
--
Polarizability derivatives 
Mode 0
-1.690680997249e-01 -2.118411194885e-01 1.027822072553e-01
-2.118411194885e-01 -1.995892093005e-01 -2.774669301039e-01
1.027822072553e-01 -2.774669301039e-01 7.419918115637e-02
Mode 1
-7.098150977998e-01 -6.051542201635e-01 -2.761222539865e-01
-6.051542201635e-01 -7.249888570288e-01 -1.062350184326e-01
-2.761222539865e-01 -1.062350184326e-01 2.512484490980e-01
Mode 2
9.661599472909e-02 -2.244457273470e-01 -2.562769863528e-02
-2.244457273470e-01 -6.820436108993e-01 -1.603671831547e-01
-2.562769863528e-02 -1.603671831547e-01 -3.010311138173e-01
Mode 3
6.110429659629e-01 8.060921241029e-01 3.301826417633e-01
8.060921241029e-01 1.037564280753e+00 4.363356312526e-01
3.301826417633e-01 4.363356312526e-01 -2.942038630634e-01
Mode 4
-4.161610477315e-01 -2.948718710167e-01 1.676837262975e-02
-2.948718710167e-01 -5.428174750546e-01 -8.812933932229e-02
1.676837262975e-02 -8.812933932229e-02 -2.524300568275e-01
Mode 5
-2.506348213574e-01 4.442199802148e-01 -2.700368063551e-01
4.442199802148e-01 -8.865677971184e-03 -3.682192391704e-01
-2.700368063551e-01 -3.682192391704e-01 1.566873665284e+00
Mode 6
-9.177500106518e-01 -1.156928698833e+00 -5.061645051532e-02
-1.156928698833e+00 -1.376998504227e+00 5.693773682012e-02
-5.061645051532e-02 5.693773682012e-02 -4.958780488591e-01
Mode 7
-2.631724561621e-01 7.232175206248e-01 -5.958251501488e-01
7.232175206248e-01 -3.223445249624e-01 2.009414398215e-01
-5.958251501488e-01 2.009414398215e-01 -4.377462894539e-01
Mode 8
-2.991342841186e-03 -1.908413018030e-01 4.389987644125e-01
-1.908413018030e-01 -1.218601191684e+00 9.243086801760e-01
4.389987644125e-01 9.243086801760e-01 7.547986770259e-01
Mode 9
-5.286952540852e-01 3.768822262859e-01 -9.459280950129e-01
3.768822262859e-01 -1.875147301045e-01 3.685246519165e-01
-9.459280950129e-01 3.685246519165e-01 6.007402051491e-01
Mode 10
-1.318870628606e-01 1.175742502567e-01 9.683128365099e-02
1.175742502567e-01 -5.030380442548e-01 1.479354740394e-01
9.683128365099e-02 1.479354740394e-01 -1.228717667597e+00
Mode 11
-8.332444213882e-01 -7.543981474710e-01 -2.942966241000e-01
-7.543981474710e-01 -8.511740252578e-01 -4.317727808506e-01
-2.942966241000e-01 -4.317727808506e-01 -7.035130640809e-01
Mode 12
4.782052722497e-02 -2.218196233325e-01 3.011894507439e-01
-2.218196233325e-01 -9.453173168827e-01 -1.541147293489e-01
3.011894507439e-01 -1.541147293489e-01 -1.334615297321e+00
Mode 13
-7.691968293966e-01 -5.374801572368e-01 -5.079311154594e-02
-5.374801572368e-01 4.065522000079e-02 6.763072625821e-01
-5.079311154594e-02 6.763072625821e-01 1.729268801148e-02
Mode 14
1.585003799115e+00 1.797872875926e+00 1.025374482931e+00
1.797872875926e+00 2.587079501285e+00 3.376653699248e-01
1.025374482931e+00 3.376653699248e-01 3.696599901922e-01
Mode 15
6.082392031848e-01 1.564130542672e-01 8.503088381247e-01
1.564130542672e-01 -6.674905908448e-02 1.781797135764e-01
8.503088381247e-01 1.781797135764e-01 2.614725241584e+00
Mode 16
-8.524646093907e-01 -8.769652784509e-01 -3.193037530121e-01
-8.769652784509e-01 2.548074533250e-01 -2.418242093931e-01
-3.193037530121e-01 -2.418242093931e-01 3.824923407755e-01
Mode 17
-1.022664225618e+00 -6.019251528840e-01 -7.685786931871e-01
-6.019251528840e-01 -1.068598643940e+00 -1.730754073565e+00
-7.685786931871e-01 -1.730754073565e+00 -8.856639802287e-01
Mode 18
8.783050169765e-01 1.117863031738e+00 -5.750408775268e-01
1.117863031738e+00 1.565026501289e+00 4.459315272655e-02
-5.750408775268e-01 4.459315272655e-02 -1.634154144227e-02
Mode 19
6.320725867436e-01 4.585570054232e-01 -6.224187774444e-01
4.585570054232e-01 -3.161332688699e-01 6.463073427577e-01
-6.224187774444e-01 6.463073427577e-01 1.814512253811e-01
Mode 20
1.587681177178e+00 7.163713631215e-02 1.810824146700e+00
7.163713631215e-02 -9.495933373605e-01 -5.094187301533e-01
1.810824146700e+00 -5.094187301533e-01 -3.297740594904e-01
Mode 21
-8.075072130016e-01 -1.478555085029e+00 6.904873531410e-01
-1.478555085029e+00 6.574549822242e-01 -1.500976101787e-01
6.904873531410e-01 -1.500976101787e-01 -8.424919424793e-01
Mode 22
-1.038082377481e+00 -4.678062420500e-01 -8.774727367666e-02
-4.678062420500e-01 6.936995806136e-01 -2.853188428798e-01
-8.774727367666e-02 -2.853188428798e-01 -6.733636120107e-01
Mode 23
3.234910443106e-01 9.382957208001e-01 3.233566620571e-01
9.382957208001e-01 2.744058623095e+00 1.281400647906e-01
3.233566620571e-01 1.281400647906e-01 -1.055003782304e+00
Mode 24
-9.448434024540e-01 3.404620047103e-01 -1.051690125071e-01
3.404620047103e-01 -2.098968394810e-01 9.016846453027e-01
-1.051690125071e-01 9.016846453027e-01 1.755505258167e-01
Mode 25
-3.188351348458e-01 -3.653380858360e-01 9.010345543743e-01
-3.653380858360e-01 -1.730619143342e+00 8.887667320605e-01
9.010345543743e-01 8.887667320605e-01 6.248656433867e-01
Mode 26
-5.812467177834e-03 -3.425888059199e-01 1.085591225102e+00
-3.425888059199e-01 1.615026209692e-01 8.867391108911e-01
1.085591225102e+00 8.867391108911e-01 7.260212808486e-02
Mode 27
7.918729449363e-01 -3.811668221584e-01 1.656238127804e+00
-3.811668221584e-01 1.149193166926e+00 1.863351968546e+00
1.656238127804e+00 1.863351968546e+00 -8.104614376330e-01
Mode 28
5.088665758897e-02 -2.137663451781e+00 -5.110209694967e-01
-2.137663451781e+00 -2.820650547675e+00 -1.340556030879e+00
-5.110209694967e-01 -1.340556030879e+00 8.978635454814e-02
Mode 29
-3.029339544209e-01 -5.982570192088e-01 -1.117910588054e+00
-5.982570192088e-01 6.314601832049e-01 -1.147973356456e+00
-1.117910588054e+00 -1.147973356456e+00 -5.992640514104e-01
Mode 30
3.812158115357e+00 -4.457756590542e-01 -6.606512292096e-01
-4.457756590542e-01 9.687972069438e+00 5.405297827515e+00
-6.606512292096e-01 5.405297827515e+00 3.876149623441e+00
Mode 31
4.906638047306e+00 -3.752492666165e+00 -1.249562210355e+00
-3.752492666165e+00 3.679921908580e+00 1.527857596312e+00
-1.249562210355e+00 1.527857596312e+00 1.626562801334e+00
Mode 32
1.454325233670e+00 -1.446523639621e+00 -3.299222850070e+00
-1.446523639621e+00 3.676521455515e+00 -1.014716131999e+00
-3.299222850070e+00 -1.014716131999e+00 2.465176208680e+00
Mode 33
-1.144591111685e+01 -4.179455730946e+00 -2.510588491993e+00
-4.179455730946e+00 -9.196019379174e-01 9.460315720413e-01
-2.510588491993e+00 9.460315720413e-01 -7.273455252222e-01
Mode 34
-2.768634978546e+00 -3.673562604584e-01 8.539686055062e-01
-3.673562604584e-01 8.126822424937e+00 -3.608363617081e+00
8.539686055062e-01 -3.608363617081e+00 6.691047666589e-01
Mode 35
2.360320636813e+00 7.422882357018e-02 4.658923593639e+00
7.422882357018e-02 1.501201969004e+00 -1.356659081719e+00
4.658923593639e+00 -1.356659081719e+00 1.190069989041e+01
--
