Number of atoms 
14
--
Anisotropy 
131.682
--
Frequencies 
23.649927348675
60.117258605853
111.854998490475
135.839155083827
178.237290626384
258.105912174763
296.915477643063
317.534475435597
355.750935440894
400.347965547095
406.446048196324
466.295989809715
518.815202476594
574.732314364083
638.099783213797
723.306702038235
742.261341653959
824.234193404155
864.019986872118
921.491041519685
958.055949645128
1074.295186640916
1104.012960787490
1144.707307458596
1178.995445220962
1275.241111466542
1317.452086842836
1364.547916071244
1419.772789918955
1509.830708540806
1618.065352767864
1635.306011999801
3162.751246093473
3213.109379459913
3214.197363514173
3818.098038166399
--
Displacements 
Mode 0
8.761993029164e-02 -3.588334008980e-01 3.168374974624e-01
6.739958258762e-02 8.947158246591e-03 6.232324297589e-02
3.691605753048e-02 3.679038832097e-02 1.671919548303e-02
6.265293865634e-02 1.262307281472e-01 -2.840846908671e-02
1.189512797409e-01 1.772764945796e-01 -2.622922849866e-02
1.486697873393e-01 1.584604756659e-01 1.889178173405e-02
1.239762525570e-01 8.076146809811e-02 6.609941993785e-02
3.909354900707e-01 3.249721102435e-01 3.151691146576e-02
1.630468152250e-01 2.779675589262e-01 -7.723492489059e-02
-2.044427270594e-03 -3.855764145504e-03 4.055183943041e-03
1.081556562849e-02 4.225662801292e-02 -1.919546697100e-02
4.380864705723e-02 1.944307174093e-02 3.080797261566e-02
-4.034791086279e-01 -1.375679260322e-01 -2.174134939671e-01
3.381191953840e-02 7.235678116004e-02 -2.727195521114e-02
Mode 1
1.746614755713e-01 -6.319084046725e-02 1.099110245005e-01
2.803166590408e-02 -4.296278885123e-02 1.108356058625e-01
6.533565124873e-02 -2.500623165660e-01 1.424534669372e-01
3.631667824023e-02 -2.765419560191e-01 1.946253185897e-01
-3.248002401355e-02 -1.062772698507e-01 2.087809252617e-01
-6.930114909373e-02 7.388735464083e-02 1.717433467212e-01
-4.200878329236e-02 1.204604750341e-01 1.275713974008e-01
-1.748631633222e-01 1.005243721433e-01 2.815345435979e-01
-6.762732303614e-02 -1.750061048583e-01 3.001322509774e-01
3.353151979300e-02 -1.136478819834e-01 3.730145327070e-02
1.938836407172e-02 -1.274096694928e-01 6.464843638715e-02
-2.145078644200e-02 7.303649567392e-02 2.864414115687e-02
-1.902085721356e-02 1.865378502677e-01 -5.195916351231e-01
-8.160339085508e-03 -8.811596593093e-02 8.041649734419e-02
Mode 2
3.077325203780e-02 -2.880414073280e-01 3.118819823058e-02
6.431943404832e-03 2.787556886678e-01 2.588901482601e-02
-6.889331038362e-04 4.528399025083e-01 3.941025702113e-02
4.163944735104e-03 2.658744844858e-01 2.525062883233e-02
1.442978208646e-02 -8.840867254333e-02 -3.422632146941e-03
1.084981609735e-02 3.900567655894e-02 7.667939382389e-03
8.211878262185e-03 1.759673562737e-01 1.529311153377e-02
-2.214322546078e-02 1.625236187604e-03 8.159886481165e-03
2.652864175095e-02 -6.536560436452e-01 -5.420653558651e-02
-1.485203860959e-03 1.833875122508e-01 1.591819308913e-02
1.099687408577e-03 8.990455801334e-02 8.731594376183e-03
2.335242570301e-03 4.053033533060e-02 2.528343579304e-03
-2.950812048568e-02 8.115452950249e-02 -3.564017561978e-02
7.539206056195e-03 -1.831999370782e-01 -1.480337966235e-02
Mode 3
8.428979339209e-02 5.819981828403e-02 5.134392113010e-01
1.469168372496e-01 -1.478417471234e-01 -8.440764673924e-02
1.408153962962e-01 5.746603410680e-02 -6.321244421025e-02
1.357650900503e-01 6.280768590288e-02 -3.069678238681e-02
1.226325498224e-01 -7.929441600536e-02 -3.774241293757e-02
1.019391622761e-01 -2.450107926988e-01 -8.947566049722e-02
1.435526616257e-01 -3.444156390371e-01 -1.172820411127e-01
-3.121365631166e-01 -2.732414362106e-01 -1.779615959303e-01
1.229450461864e-01 -2.681954596941e-02 1.732585174734e-04
4.490565727820e-02 6.638042998369e-02 -1.436231981534e-02
4.117527389989e-02 6.331085917857e-02 -5.291884168209e-04
4.054019445403e-02 -1.404182495951e-01 -4.304411477537e-02
-1.696449203081e-01 2.510777651815e-01 -1.455835748149e-01
3.580610739809e-02 3.415489084585e-02 1.037419678515e-02
Mode 4
-4.367709889649e-02 -1.239341491049e-01 2.008756247077e-01
8.163307198415e-02 2.735473319885e-01 -1.219491081656e-01
1.019775556784e-01 -1.196630503702e-01 -1.474197821664e-01
8.287161636365e-02 -1.411063996493e-01 -9.587811391208e-02
5.816149400355e-02 1.214407305135e-01 -6.472104153048e-02
3.424300495231e-02 2.930332590125e-01 -7.786825362269e-02
6.304651234698e-02 5.310660932821e-01 -1.091361145204e-01
-3.853840288124e-01 -2.438194475171e-01 -1.226306829201e-01
6.030779720534e-02 1.350460221258e-01 -5.612168346392e-02
4.194560248541e-02 -1.253477245039e-01 -5.098477455558e-02
3.137883461578e-02 -1.195016728531e-01 -2.621742242521e-02
1.037706601658e-02 2.027791903255e-01 -3.638638925829e-02
5.427252700672e-02 -9.259705456537e-02 9.996179202567e-02
1.851980667287e-02 -3.824332331851e-02 -1.819982648525e-02
Mode 5
-3.050863833397e-01 -1.248557081290e-02 8.252721841086e-02
1.200264824122e-01 2.915700485483e-03 -2.510540569594e-01
2.351684272086e-01 3.832618833782e-02 -1.057749666003e-01
1.944072037701e-01 2.278154472318e-02 5.834874758259e-02
-5.926187571774e-03 -1.501429729432e-02 6.500234360588e-02
-9.508850327409e-02 1.089090137260e-02 -1.179426620612e-01
-9.212827708942e-03 -5.256684118406e-03 -2.405548851304e-01
1.754150044351e-01 2.881184923334e-01 -2.517024160162e-01
-2.616221817453e-01 -6.736999827979e-02 5.281500405964e-01
1.153065706852e-01 2.369708936571e-02 -3.200651094709e-02
7.517888890236e-02 1.312875592467e-02 4.817245095154e-02
-2.174121035686e-02 5.539176547625e-03 -9.890007091641e-02
7.611857597284e-02 -1.059164324220e-01 3.525658235147e-02
4.978126128794e-03 5.859546072437e-03 2.158888438445e-01
Mode 6
-5.764935747185e-01 1.077547871332e-02 -3.116337517620e-01
3.470893457233e-02 -9.764813984281e-03 6.849752071097e-03
1.286162141072e-01 -1.001538453709e-02 1.124511438935e-01
1.580057569763e-01 -6.965886550918e-03 1.355394126850e-01
2.976870366374e-01 3.274672873987e-04 1.385861972044e-01
2.401839151045e-01 1.021091411798e-03 7.319887863854e-02
2.099991337586e-01 -1.108605831463e-02 2.793347417021e-02
-5.624476005133e-03 -1.397189704443e-01 1.957350002504e-01
4.345559587079e-01 -3.991920811579e-03 6.491127258095e-02
6.926827063232e-02 -1.316585452514e-03 3.096311929408e-02
3.367921843046e-02 -6.714141740467e-04 1.888675832488e-02
7.759469269692e-02 -1.349839904090e-02 3.370178854383e-02
-4.002293499475e-02 6.209954834825e-02 -2.766139700907e-02
9.146910578508e-02 -1.926487441373e-02 -6.775804812071e-03
Mode 7
1.998172665180e-02 -7.849938562763e-02 -2.208435901949e-02
-5.916422901784e-02 3.899211466650e-01 1.165539230246e-01
-4.692039620544e-02 1.812128094298e-01 1.085092083150e-01
4.964336576834e-03 -2.902606845846e-01 7.878361050237e-03
1.028877157425e-02 -2.479586450752e-01 -1.313638531788e-03
9.704047607650e-03 -2.793486118153e-01 -4.525220535053e-02
-5.058421241236e-02 1.153632254430e-01 8.770348530065e-02
3.672022490884e-01 -4.017977594752e-01 -1.789740323058e-01
-7.130702609411e-02 2.127613984857e-01 1.846112834004e-01
-2.255334149966e-02 7.342676028845e-02 3.361247847879e-02
-5.760934715021e-03 -1.286265503172e-01 -1.403567213908e-02
-7.008935155142e-03 4.419850075231e-02 3.931855321942e-02
-1.053696184338e-01 1.701392432272e-01 -4.447218902335e-02
1.894242383741e-03 1.948761278106e-01 8.509734990973e-02
Mode 8
-1.728545682603e-02 -4.722499384023e-02 -1.075263824518e-03
2.547576956222e-02 2.679053147686e-01 -3.073524735037e-02
2.334094860850e-02 3.095733308757e-01 -2.200579047901e-02
4.556192698387e-03 -3.471278696742e-01 -1.859924250777e-02
1.394842627610e-02 -2.545056867516e-01 -6.943223506862e-03
2.119510495064e-03 -1.485842793607e-01 2.758983442592e-02
3.950199889178e-02 -1.375404522583e-01 -6.188186980109e-02
-3.580359302579e-01 5.072815991348e-01 1.390108660217e-01
1.090050690769e-01 1.750939772209e-01 -1.350147142887e-01
1.510240278790e-02 1.765370553788e-01 6.328930303404e-04
9.074691657989e-03 -1.529716331709e-01 -3.705715774104e-04
5.631531032885e-03 -7.486352355687e-02 -3.259267224170e-02
9.535471102945e-02 -1.565438203011e-01 1.715579871431e-02
-3.475093410149e-03 1.735695859042e-01 -5.462541181238e-02
Mode 9
-3.017323888563e-02 3.415684910798e-03 1.729483457933e-02
1.000684910847e-01 -4.396756080031e-02 -1.536945641183e-01
9.161740989423e-02 -6.600563446649e-02 -1.785723524191e-01
2.653079376266e-03 8.420787784405e-02 -2.492876406145e-02
-9.412238775900e-02 -6.136807553968e-03 -1.256068220932e-02
-5.326175122566e-02 -2.931976591241e-02 5.979973071095e-02
2.888376699873e-02 9.405956899197e-02 -1.083304035282e-01
1.018135736127e-01 -9.928172339481e-02 3.644943493618e-01
-6.143741852539e-02 -2.427096607567e-01 -1.401595378325e-01
4.533983170255e-02 -5.024577393370e-02 -5.529122558612e-02
2.480430817596e-02 5.892053732592e-03 2.812593727804e-02
-2.005159474159e-02 8.093589536972e-02 -6.644512271351e-02
-2.379595566623e-02 4.030715778741e-02 -1.017744846106e-02
-4.081320702101e-02 7.824942693624e-01 3.159379375803e-02
Mode 10
-3.868178885487e-02 -1.059584436616e-02 3.368257620017e-02
1.507880537692e-01 6.151782740441e-02 -2.367930163176e-01
1.435153138970e-01 1.030257829361e-01 -2.539915155595e-01
7.345173774437e-03 -6.981079397970e-02 -3.369039399995e-02
-1.634357251994e-01 -6.124949395230e-02 -7.566069474820e-03
-1.107393499064e-01 -6.763186777764e-02 9.566519678697e-02
3.102629890752e-02 -4.083187841087e-02 -1.931972914233e-01
2.319994525012e-01 -1.848929286043e-01 5.171123477689e-01
-1.371262217062e-01 2.003353576023e-01 -1.365678094630e-01
7.338807223395e-02 6.857548335619e-02 -7.184387286786e-02
4.034107537169e-02 -2.113541865278e-03 5.225192704536e-02
-3.306937499629e-02 -2.154058084245e-02 -1.227614580502e-01
-4.637736427236e-02 7.324549612225e-02 -1.707039484873e-02
-5.230052163911e-02 -4.731009275619e-01 -1.131600792239e-01
Mode 11
-4.081762577613e-03 -4.270345759640e-03 9.098652881293e-03
1.197914599599e-02 -6.103880271837e-02 -2.888081684835e-02
4.215574698788e-02 -1.926111996679e-01 1.104359398034e-02
-1.263738553198e-02 3.165296232078e-01 1.196594031731e-01
-6.673849960296e-03 -3.736007189844e-01 4.530448024183e-02
-3.830836969500e-02 -5.195199525533e-01 -1.103496699006e-02
-5.183055604387e-02 3.433312102188e-01 1.061655937435e-02
-7.128163790232e-02 1.625229692634e-01 -4.073216654714e-02
9.268456082185e-02 1.641811165257e-01 -6.929054330375e-02
3.230770400108e-02 -5.627949730609e-02 2.648954545421e-03
-2.152045566612e-03 3.250109368085e-01 6.558341939821e-02
-3.421735131743e-02 3.286693830589e-01 1.102098700705e-02
1.966408488343e-02 -2.730945096508e-02 -6.486312860310e-03
-1.159937119547e-02 -6.714386513532e-02 -6.986558492124e-02
Mode 12
6.241551119908e-03 5.483454028413e-03 -5.088458822706e-02
-1.853873326495e-02 -5.571689356234e-02 9.763559750735e-02
-2.063215990152e-01 3.634141394103e-03 -1.615220582159e-01
5.213890904988e-03 7.295686957796e-02 -4.242036896696e-01
1.444348466948e-01 -1.101247951259e-01 -3.352906939773e-01
2.743610939616e-01 -7.437149796320e-02 -6.914769730523e-02
2.277700791829e-01 5.748899336987e-02 1.212217686832e-01
-1.203818118380e-01 3.387576564311e-02 3.146397614180e-01
-2.226489859775e-01 2.262978376473e-02 3.292947983344e-01
-1.550188632691e-01 2.694171467806e-02 -4.185919957039e-02
-3.923110825518e-02 9.031931760824e-02 -1.783242408289e-01
9.127204161891e-02 6.166127397348e-02 8.170223535892e-02
3.617742654780e-03 -6.913990266403e-03 -5.550497584578e-03
8.905843789855e-02 -4.551702599182e-02 2.438272239447e-01
Mode 13
-1.198348225200e-02 -2.162246949780e-02 -1.176498401208e-02
5.214069186049e-03 6.179376416097e-01 6.177336356492e-02
1.332260610957e-02 -3.172499644564e-01 -5.088181200611e-02
1.226821933440e-02 2.002135615063e-01 -1.724202856609e-02
-1.102090503160e-02 2.885522758603e-01 -4.020005367517e-03
2.937835326091e-02 -3.269001301488e-01 3.477199431230e-03
3.951193687011e-02 -2.127657393601e-01 -4.017525513524e-06
-2.453734859849e-02 1.007862543568e-01 5.221710044239e-02
-3.660491211304e-02 -1.022482694937e-01 -6.494571812625e-03
3.981476107680e-03 -3.953703509364e-01 -4.059989405820e-02
7.828229804353e-03 -7.290518403544e-02 -1.451175367933e-02
1.510503618436e-02 -1.980589673927e-01 -1.621143571624e-02
4.004221236339e-03 -7.941913982337e-03 -5.464449613782e-03
1.198057819144e-03 -5.355443574076e-02 7.390352142609e-03
Mode 14
-1.534512422736e-01 7.725717622444e-04 -6.559493063561e-02
2.696374308943e-01 -3.913963142939e-02 2.879110856018e-01
3.417779832355e-01 6.534352193572e-03 2.209724912060e-01
4.912454180417e-01 1.467197605580e-02 -1.619240747763e-01
-1.189628724613e-01 -1.852082787252e-03 -1.969583538312e-01
-3.826897148858e-02 -1.427601699283e-03 2.861605494951e-02
-1.169456191845e-01 -1.248194073522e-02 3.021048007894e-01
-5.570590261546e-02 3.137152312128e-03 -2.737439025176e-02
-3.185847700247e-01 2.347583517090e-02 -2.558820362233e-01
8.492519865930e-03 1.212184101609e-02 6.886181811477e-02
1.699907623234e-01 8.024055135538e-03 -1.361571548286e-03
-3.946876191670e-02 7.555918941981e-03 8.067625073455e-02
1.062680678381e-03 -2.349917335375e-03 -1.140535528617e-04
-7.182312382305e-02 3.388999879012e-03 -5.135386346494e-02
Mode 15
-6.432122499320e-02 3.831265807454e-03 -6.185205935777e-02
2.269100700412e-01 -6.034596464000e-02 9.539486022057e-02
-5.462110407546e-03 5.633243244135e-02 -1.819041304053e-01
-2.682282200348e-01 -5.153195205942e-02 1.834463422784e-01
-1.890991908467e-01 6.453267183916e-02 1.325317366175e-01
2.570925581500e-01 -8.234787392408e-02 3.410774889779e-01
5.262695971447e-01 5.131715396407e-02 1.163421116039e-01
-2.844132993324e-02 1.516210944671e-02 -2.688850345180e-01
-3.100366196717e-01 -7.234451432662e-03 -9.176668143815e-02
2.692522298017e-02 2.102478563493e-02 -5.236592892763e-02
-2.013274491095e-02 -5.835472896748e-02 1.417846098520e-01
1.548340156338e-01 4.898422382824e-02 3.795142666544e-02
4.066236912155e-04 -1.789548862796e-03 -2.364106762037e-03
-9.196936438783e-02 -1.053884358787e-03 -3.713783862034e-02
Mode 16
7.513538316122e-03 2.091760920055e-03 6.990633392995e-03
-1.634633245909e-02 -2.884359874944e-01 -3.840170730742e-02
-1.572614615919e-02 2.638296510762e-01 3.057977529311e-02
3.986268407017e-02 -9.052402120317e-02 -5.350603140931e-02
2.286140885996e-02 5.338651001360e-01 1.851962933805e-02
-2.295025791916e-02 -4.930771082451e-01 -6.914039150237e-02
-7.971888375193e-02 1.566427122861e-01 7.006465757407e-03
-1.040932574144e-02 4.624812406808e-02 5.050710699349e-02
5.830107407922e-02 -7.234924221900e-02 2.205955197506e-02
-1.214297437078e-02 -2.865273302716e-02 -8.053468710974e-05
1.036399190384e-02 -4.150128565262e-01 -6.662009247498e-02
-3.859094905524e-02 2.628431484130e-01 1.464205479090e-02
1.961915315429e-03 -2.631102989939e-03 -2.042368140138e-03
2.132969492325e-02 -5.715498588699e-02 8.510041186919e-03
Mode 17
3.702174386380e-04 -1.057975719534e-02 -7.710606906749e-04
-8.547137392931e-05 1.235018876350e-01 1.438708773593e-02
4.186342782892e-03 -2.291575281319e-01 -3.557826950667e-02
1.545466444750e-02 -3.846375034313e-01 -5.252119768057e-02
-4.481121081994e-03 4.098078601544e-01 3.428795749699e-02
-5.793476787363e-03 -1.459586108804e-01 2.523259871091e-03
-2.092985959647e-02 3.030111705262e-02 7.112780498168e-03
-1.160581469856e-03 1.233307244252e-02 3.963041579130e-03
2.160980402586e-02 -1.008302128007e-01 2.551235989978e-03
-2.194454881561e-02 4.930427230890e-01 3.775523652818e-02
-1.406929756364e-02 5.736184373687e-01 3.936777669925e-02
-1.141884859687e-02 2.826992034369e-02 -2.988267396257e-03
-5.010545650624e-05 -4.888791748822e-04 -1.391429237325e-04
5.500716002534e-03 1.456326647148e-02 4.937176902010e-03
Mode 18
-4.681447165671e-02 1.506088829388e-03 -2.942893683837e-02
3.377312600682e-01 -6.857655595110e-03 1.867264399796e-01
1.394596115019e-03 5.053676248866e-02 -5.347339754239e-01
-6.889030471093e-02 2.713505099058e-02 -1.668238024596e-01
-2.809478951057e-02 -2.773733587958e-02 7.307575240056e-02
-1.728620856508e-01 1.434874316912e-02 2.447224199280e-01
-2.963033859255e-01 -3.867481271277e-02 3.105495732221e-01
3.518026667131e-03 -3.448434245884e-03 -1.267340344205e-01
3.498734131216e-01 -4.972036736395e-03 1.830788596251e-01
-1.287241890891e-01 -6.830722912041e-03 -1.552439832752e-01
3.043573954490e-02 -1.401371782584e-02 2.073357308507e-02
-1.579031768988e-01 -2.522558794081e-02 -2.030635418091e-02
-1.175581241652e-03 3.036304583344e-04 1.248731279080e-04
5.662374944019e-02 3.026574018173e-03 6.250868788247e-03
Mode 19
-8.917663271424e-04 -1.202381049918e-02 -2.047138601932e-03
-2.903882242711e-03 1.783524677562e-01 2.675729465333e-02
2.363033928196e-03 -8.585140938587e-02 -7.185953098739e-03
-4.726931041396e-03 7.480921968640e-02 -9.082546784152e-04
9.025651150591e-04 -6.868005918437e-03 3.534125185276e-03
-2.873865180299e-03 1.648703266874e-01 2.192089529702e-02
2.099805191079e-02 -4.961040925828e-01 -4.666881267633e-02
5.065353031743e-04 -2.747855289785e-02 -1.128370109589e-02
3.336955191752e-03 2.930218803454e-03 2.885522182927e-03
-7.424824894550e-03 1.192800604263e-01 1.044852820788e-02
2.880804083255e-04 -9.135316261108e-02 -1.154557164916e-02
-4.301088593172e-02 8.047418543680e-01 6.672248211074e-02
-5.263784642499e-04 1.159492239596e-03 9.210918556320e-04
1.773742309031e-03 -1.004477109190e-02 4.734078821668e-04
Mode 20
-2.837551760668e-04 4.921208549550e-03 3.323135687158e-04
7.672700676276e-05 -5.260106002665e-02 -3.239308115894e-03
-1.021840188504e-02 3.966144846270e-01 3.406083255157e-02
7.975238803145e-03 -3.128299281123e-01 -2.920636630272e-02
-1.424934730742e-03 5.532638011678e-02 7.147793613760e-03
-3.828808624113e-04 3.792562640641e-02 5.499090701720e-03
3.473714489622e-03 -1.045595853145e-01 -1.096780095015e-02
1.077417198911e-03 -6.291604583557e-03 -1.772490981780e-03
1.370810337458e-03 -2.120986456483e-02 -9.574092963222e-04
1.926224681500e-02 -6.660995329455e-01 -5.716189947313e-02
-1.393194682697e-02 4.968815096800e-01 3.813673438558e-02
-9.006487753305e-03 1.658191069006e-01 1.399279923198e-02
-2.272524271048e-04 2.165763778977e-04 3.063052857165e-04
-4.381983129820e-04 8.171629326383e-03 2.398918693285e-04
Mode 21
3.471595304339e-03 1.747685464959e-04 1.386949713672e-03
-5.818887469066e-02 -3.244313254493e-03 -4.860363718197e-02
-1.189385121702e-01 -2.486421172133e-02 2.547926347449e-01
2.244092066641e-01 3.505966307634e-02 -2.913368121027e-01
-9.915952917076e-02 -2.065759695782e-02 6.685974620918e-02
-1.432882890860e-01 -3.117501816247e-02 5.678831633475e-01
1.908173215830e-01 3.783491128836e-02 -2.507526594457e-01
1.629490951884e-02 -4.995435247786e-03 -1.197672739711e-01
9.499821699533e-02 -1.210421481287e-03 5.979272943596e-02
-2.607066848463e-01 -1.839158904807e-02 8.261725910799e-02
-4.469208849422e-02 1.568552297005e-02 -2.632709838632e-01
-1.210537003073e-01 1.158895758857e-02 -3.538264897720e-01
-1.564760052754e-03 2.673758472402e-03 -1.139209945418e-03
-3.762094854514e-02 9.465132788104e-03 -5.668739818388e-02
Mode 22
5.693826196080e-02 -2.730696026104e-04 2.491705145873e-02
-5.853591100521e-01 1.734029902060e-05 -2.132219585194e-01
-1.042875880893e-03 2.410351147924e-02 -2.562621087985e-01
3.515840605013e-01 1.928938418869e-02 -1.137915117667e-01
-8.384857518663e-02 -1.217820387452e-02 9.167030565476e-02
3.067208788800e-02 -1.509438428536e-02 2.509021820559e-01
1.732241665759e-03 -1.184582319084e-02 1.284246293674e-01
-2.890781907270e-03 -1.580038802973e-03 -5.607034617727e-02
2.382302781991e-02 -1.576544745444e-03 2.560986452411e-02
2.326628563358e-02 9.316471258916e-03 -8.852462510065e-02
2.735021403601e-01 -1.374750328344e-02 2.190841831960e-01
1.909659862283e-01 -1.647542868474e-02 3.501700496612e-01
-5.419376916451e-04 1.060252227666e-03 -9.062411250014e-04
-7.484770350457e-02 8.871218356619e-03 -8.733608917054e-02
Mode 23
1.497529472403e-02 -5.615531951470e-04 1.242043606425e-02
-1.480262650459e-01 6.979309962094e-03 -1.557064709281e-01
1.393474259884e-01 2.508394285481e-03 1.761757757878e-02
-1.268449855671e-01 8.979568304610e-04 -2.626871292578e-02
1.253122548343e-01 9.560344565004e-03 -1.626399689976e-01
6.356973443781e-02 -1.989300879225e-02 3.839602329401e-01
-1.579160158987e-01 -1.883308036746e-02 1.750124632917e-01
-9.160102671381e-03 -2.088204252177e-03 -6.685050889001e-02
-6.753918082200e-02 1.330031513387e-02 -1.231306205392e-01
6.281598927099e-01 1.989518014824e-02 -1.491457486119e-02
-1.920994296962e-01 1.508840597776e-02 -2.420806654196e-01
-1.163535358619e-01 -3.189300234603e-03 -4.260824543891e-02
-1.063178586993e-03 1.334257835094e-03 -1.393711508176e-03
2.440857160882e-01 -2.189910743631e-02 2.757757209230e-01
Mode 24
-4.979985952289e-03 2.777336157416e-05 -1.753287506364e-03
1.823602789895e-02 -8.160606167354e-04 4.178141397763e-02
1.472628877461e-01 3.565964463909e-03 -1.176825209690e-02
-4.673179299272e-02 1.626420232121e-02 -1.902919728014e-01
-1.421921769267e-01 -1.717567457700e-02 1.740375969078e-01
1.115874836041e-02 5.702766452418e-03 -1.193636629142e-01
2.544906751149e-02 -1.952381403275e-03 2.989822215833e-02
-1.682630299481e-03 1.548393120401e-03 1.319939796951e-02
6.276133015392e-02 -2.227607395566e-02 2.285947779983e-01
2.941597127003e-01 1.015193189534e-02 -1.168140740020e-02
-2.713610272668e-01 2.967790900700e-02 -4.679204369250e-01
1.398144607728e-01 -1.330569207596e-02 2.135582119198e-01
4.715583548914e-04 -3.113391120107e-04 1.696099993347e-04
-4.111780113614e-01 3.832008851713e-02 -4.445989872738e-01
Mode 25
1.052116433942e-02 1.911879309407e-04 2.478490259559e-03
-2.318380695567e-01 -2.707489367932e-02 2.023201859120e-01
-8.333273071328e-03 9.086551218483e-03 -1.002235428843e-01
4.061606037504e-03 6.209276841292e-03 -6.046758453965e-02
1.133880039114e-01 -2.222190947763e-03 5.464912289047e-02
4.556614667774e-01 1.336762251262e-02 -6.109236292807e-02
-1.268512402322e-01 -5.081493347334e-03 2.459300700396e-02
-1.396617201069e-02 3.576887577098e-03 1.238799447559e-02
-1.028011875860e-01 -1.026536196830e-02 8.187242887815e-02
1.700015591874e-01 8.034901063346e-03 -3.927769512356e-02
1.451750676190e-01 -1.421717100931e-02 1.967474461645e-01
-3.780871658466e-01 2.605842408410e-02 -5.196567267773e-01
-4.037541569297e-05 -1.012594683358e-04 -1.166252226242e-03
-2.525587172403e-01 2.031718557195e-02 -2.456537251802e-01
Mode 26
-7.638189954392e-03 5.398244553758e-04 -8.413152068993e-03
-1.207217463439e-02 -1.587283128911e-02 1.866157856429e-01
-5.015673917243e-02 -1.546378481822e-02 1.656028619768e-01
-1.192555855971e-01 1.388608487415e-02 -1.991140444971e-01
-4.481150166067e-01 2.160827620670e-02 -3.300620548159e-01
-1.926919243398e-01 8.655280237388e-04 -8.025427786976e-02
2.483046563359e-01 1.220319510058e-02 -4.341800263959e-02
4.588209410461e-03 9.194226800465e-05 1.010642231970e-02
3.326645412632e-01 -1.093940494527e-02 1.859574753075e-01
4.021067882648e-01 7.353044035891e-03 4.034034480611e-02
1.984697149223e-01 -2.080672055584e-02 3.216662911576e-01
4.193161083678e-02 7.804040635738e-03 -7.595790404287e-02
-9.504025132511e-05 -1.041779509436e-03 1.450096290475e-03
5.591144620856e-02 -9.428231650671e-04 7.746410141879e-03
Mode 27
-3.206475350950e-03 -1.680244858951e-04 1.859540023033e-03
-1.334137503023e-01 -3.274934432869e-02 3.267466571472e-01
4.050431890601e-01 1.089364892305e-02 3.818469585478e-03
-1.977050819349e-01 2.116825022097e-02 -2.789354579063e-01
-2.510998537941e-01 -3.336231898730e-02 3.114499932907e-01
2.912256089421e-01 -2.202084748552e-03 8.802765436580e-03
-2.024027905814e-01 3.049222877202e-02 -3.896251663868e-01
1.338077146355e-03 2.690631450587e-03 5.733608699011e-03
3.161655062246e-02 1.099275151705e-02 -8.847705251276e-02
-1.135119365971e-01 -6.000371525244e-03 9.565177205529e-03
-5.742023277939e-03 -3.771568007536e-03 5.390459738426e-03
9.760288445280e-02 -1.260445957516e-02 1.258798354249e-01
-1.082697020330e-04 5.149657477127e-04 -7.819031507411e-04
2.229202412960e-01 -2.240930495519e-02 2.350455266767e-01
Mode 28
3.089469669878e-03 1.085597553599e-03 -1.128403947413e-02
-1.532603379011e-01 -4.138361378444e-02 4.325655186488e-01
-1.882024219936e-01 1.692319251834e-02 -2.579072307827e-01
2.613466232884e-01 4.634706099201e-03 1.439274508044e-02
1.260880574331e-01 -2.747482808119e-02 3.581861153724e-01
-3.679508250972e-01 2.979341594838e-03 -2.083298666161e-01
2.856599241963e-01 1.798220944010e-02 -5.778393893303e-02
1.367825633523e-02 -4.386346088050e-04 1.599133919947e-02
-9.564315813843e-02 1.458497277643e-02 -1.789543907573e-01
2.522334651151e-01 1.545094583257e-02 -9.799292177791e-02
-1.404554340713e-02 1.209398558241e-02 -1.627053088281e-01
1.527860500006e-02 1.165179140448e-02 -1.493261478215e-01
6.660157342343e-04 1.734769827683e-05 6.844387385501e-04
1.391897332066e-01 -1.379286666908e-02 1.531075346648e-01
Mode 29
7.979377970278e-03 1.199478369184e-04 2.170026097827e-03
-2.673415119212e-01 3.067989656756e-03 -1.217515369101e-01
2.855940996228e-01 1.766623956074e-02 -1.106443620213e-01
1.015999555772e-01 -1.934778494337e-02 2.586151001253e-01
-4.597643859043e-01 -3.273448104004e-03 -7.125575429733e-02
8.712348879559e-02 2.058239031716e-02 -2.239614308307e-01
2.066326298263e-01 -2.479142352732e-02 3.512358055942e-01
-7.731270363686e-03 2.302876856043e-03 1.064992138034e-02
1.503133222067e-01 2.280181396508e-03 6.515044106842e-03
-2.532196153632e-01 -2.848538885363e-03 -3.006752663004e-02
-1.888458460087e-01 1.764007463006e-02 -2.493407547638e-01
-1.611181628228e-01 1.502400867697e-02 -2.380870738882e-01
2.232496979332e-04 -1.452673791713e-03 7.959007001530e-04
1.334450829969e-01 -1.158810475974e-02 1.174548115126e-01
Mode 30
1.739765143945e-03 2.710304784866e-04 -2.418275394466e-03
-2.778503013385e-01 -3.722162944535e-02 3.264685851931e-01
4.353783119910e-01 2.419432980492e-02 -1.381236784057e-01
-1.673171677698e-01 -2.056776256856e-02 2.108425737180e-01
3.182059238581e-01 4.155593866491e-02 -4.391960587703e-01
-2.929448064017e-01 -2.260718493323e-02 1.651782347980e-01
8.964703921926e-02 2.069121926287e-02 -1.782233125851e-01
5.135891033539e-03 -2.530162120623e-03 1.086405224084e-03
-2.152865618413e-02 -8.454264772029e-03 8.972308509563e-02
-1.636126764465e-01 -1.582292011420e-03 -3.606399142784e-02
-8.666462985088e-02 -1.985342226368e-03 1.759305627013e-02
6.299232669427e-02 2.156864108450e-03 -6.876589951466e-03
-3.784334047383e-04 9.336065749619e-04 -3.795953080633e-05
-1.287076264955e-01 1.303298964941e-02 -1.332125839524e-01
Mode 31
-1.785181115529e-03 -2.326794340548e-04 1.428919437660e-03
-8.732124939324e-02 1.946475270852e-02 -2.332950634719e-01
3.153369422854e-01 -5.559313503507e-03 1.627766749373e-01
-3.428654503273e-01 2.706325355832e-02 -4.330460128920e-01
2.625815619496e-01 -1.872350372581e-02 2.941115535163e-01
-2.799767968287e-01 2.119929004659e-03 -1.324845366930e-01
2.316265974608e-01 -2.209921834005e-02 3.581343219657e-01
3.667565681633e-03 4.804736040056e-04 -5.818550993482e-03
-7.120489428114e-02 2.060008780916e-03 -4.116189387835e-02
-8.865217581504e-02 -8.257659265447e-03 6.094128252264e-02
9.086641412031e-02 -1.232049661308e-02 1.694287854431e-01
-6.940924033118e-02 5.619868135350e-03 -1.056896975902e-01
6.878667331904e-04 -1.110329942472e-04 1.419513611196e-04
-6.543571681209e-03 -1.621620981075e-04 1.554432835884e-03
Mode 32
5.089562206590e-05 7.644947298750e-07 -4.674155460629e-05
2.725387969075e-05 -1.250182750311e-04 1.417866645895e-03
-8.275777497562e-03 -3.084478497222e-03 3.426390791747e-02
2.396868828256e-01 1.873209381914e-02 -1.539159260132e-01
6.436607389395e-03 -8.117267324859e-04 1.380261528663e-02
-2.112196695868e-03 -1.923980662454e-04 -1.490574496426e-04
3.272363951521e-03 5.104842092474e-04 -2.741343368134e-03
1.888293542912e-06 6.997472313734e-06 -2.329684270150e-05
-9.069400460397e-04 1.049848755752e-04 -1.973610290621e-03
-2.233079770195e-03 1.149582557368e-02 -1.354819441410e-01
-7.981996042162e-01 -6.261964618061e-02 5.070876339771e-01
-1.352108257288e-02 -1.406972836454e-03 8.508285193157e-03
1.198231449085e-05 1.686162690631e-05 -1.753293698562e-05
-7.882835417501e-03 -2.867414433382e-05 -1.133544889064e-03
Mode 33
4.266995584064e-04 3.106500515348e-06 1.522010023009e-04
-1.267768287752e-02 -8.960568079773e-04 5.846955280206e-03
-1.100811592934e-02 2.442424644223e-02 -2.875470831965e-01
4.448186681953e-02 2.327328700947e-03 -1.512369665818e-02
9.371830134368e-04 -2.335987253415e-04 4.282721483835e-03
-1.353228711136e-03 -6.739602618014e-05 -1.018282637834e-04
2.086866011815e-02 1.923384340453e-03 -1.081884940732e-02
6.264450666119e-05 1.220281643793e-05 7.108328357659e-05
-3.472827814456e-04 8.534792408684e-05 -9.279525882386e-04
3.403330606976e-02 -7.960665373645e-02 9.396442331657e-01
-1.115275689398e-01 -8.483075878638e-03 6.725275237772e-02
-6.617625786208e-02 -6.954272536355e-03 4.150069688409e-02
-1.265134784790e-05 -9.043178038141e-06 7.745768691136e-06
-1.231657055687e-03 -8.182452196874e-05 5.771147245826e-04
Mode 34
-4.157941128020e-04 1.723411467370e-05 -2.849433241713e-04
3.586940480741e-03 -1.264785278887e-03 1.290888832053e-02
-1.097458714947e-03 -2.106711422148e-03 2.357741138313e-02
-7.867063300379e-03 -6.046084286544e-04 4.754878891812e-03
-1.531856921457e-03 -3.062747377929e-05 -3.033856077130e-04
-9.019010216785e-03 2.269466237575e-04 -5.998003044539e-03
2.430655670695e-01 2.591408145325e-02 -1.563991363764e-01
8.818658828156e-05 5.813579402604e-05 1.555888391923e-04
8.717273389628e-05 -5.240513499930e-05 3.048441030998e-04
-2.570671808351e-03 6.606122976199e-03 -7.482461851252e-02
2.230665258214e-02 1.760848186990e-03 -1.387793896677e-02
-8.017712028103e-01 -8.452783005556e-02 5.084422983485e-01
3.632067793622e-06 -3.315269129937e-05 2.037494998347e-05
1.054309913601e-03 -2.405071928342e-05 -4.829483606490e-04
Mode 35
7.076395656017e-05 -7.825699811013e-06 4.502497282411e-05
3.465771484955e-04 5.356548301250e-05 -3.115642202835e-04
-9.289621056421e-04 -2.745648891001e-06 -8.179836457642e-05
4.526342345914e-03 7.106098858711e-05 3.699241650234e-05
-3.196181341231e-03 -7.297302246080e-04 6.928633952702e-03
2.618136431741e-03 3.748655098215e-05 -1.084522633870e-03
-4.956479636896e-04 5.792507082879e-05 5.721591481845e-04
-1.106882543603e-04 -1.210938786169e-04 1.718097122888e-04
-1.874510130453e-01 -1.715097350320e-02 1.504021366851e-01
3.091939851791e-04 -2.324930315064e-05 6.150079309871e-04
-4.560835360904e-03 -3.370559628616e-04 1.082260258753e-03
4.189161412838e-04 7.137314101124e-05 -6.736100272750e-04
-2.738268296619e-05 2.893613863402e-05 9.380696176513e-06
7.410773952068e-01 7.073012214920e-02 -6.226046069621e-01
--
Dipole derivatives 
Mode 0
-1.697567382069e-02 -2.628295892210e-02 -5.532963099244e-03
Mode 1
-1.961098070176e-02 2.184500456899e-02 -7.352387860088e-03
Mode 2
-6.484995882633e-04 1.024518080846e-02 2.091896432875e-03
Mode 3
2.197515154385e-02 3.964822988347e-04 2.070196891799e-02
Mode 4
-8.752865803203e-03 3.911022890823e-02 -2.522558205785e-02
Mode 5
2.522860652485e-02 3.061217680371e-02 2.716912646054e-02
Mode 6
2.878543559617e-03 3.071534682212e-02 -6.793201968758e-03
Mode 7
4.531254774898e-02 -8.980314409744e-03 1.297900162119e-02
Mode 8
1.274902042352e-02 -1.326174982987e-02 2.673591662133e-03
Mode 9
1.927812212104e-01 -6.200600266466e-02 1.224063372268e-01
Mode 10
-1.094548176463e-01 9.482666110569e-02 -1.245312558080e-01
Mode 11
1.882446498272e-02 -4.952941919613e-03 -1.912103406832e-02
Mode 12
4.131282824406e-02 1.218139560142e-01 8.367225965879e-03
Mode 13
-5.472988825620e-02 3.242938623447e-02 -3.666838077899e-02
Mode 14
5.629339657055e-02 9.683930072788e-02 3.664809146051e-02
Mode 15
7.202318079024e-02 9.377658766918e-02 4.606614338472e-03
Mode 16
-1.087177326195e-02 -1.788450565971e-02 -9.751084643139e-03
Mode 17
1.272397132741e-01 -7.648577546886e-02 9.348996330241e-02
Mode 18
2.827178445932e-02 4.947344315064e-02 -3.260460320832e-02
Mode 19
3.166014375085e-02 -4.495691430562e-02 5.640994037086e-02
Mode 20
6.941493196428e-03 -1.055315912900e-02 1.304635006571e-02
Mode 21
-2.705354249794e-02 -1.245612957983e-01 -1.106521942113e-02
Mode 22
-5.250810995578e-02 -2.079234400494e-01 -6.526866615995e-02
Mode 23
2.695168624033e-02 9.798280297123e-02 1.469865436680e-01
Mode 24
-1.139818450099e-01 -1.659585817916e-01 -5.413720214215e-02
Mode 25
-9.937432427647e-02 -1.850853811526e-01 2.132367032025e-02
Mode 26
-8.597371930313e-02 -1.484514622203e-01 -1.278201370211e-01
Mode 27
-5.803449212675e-03 6.410048531097e-02 1.325662724166e-01
Mode 28
5.725148190240e-02 2.187774809110e-01 1.436219271680e-01
Mode 29
-1.349548224153e-01 -2.500301798781e-01 -1.269465510584e-01
Mode 30
-4.932720536381e-02 -1.148634901429e-01 5.008604555610e-02
Mode 31
1.213930745676e-02 5.163248161192e-02 9.148645024104e-02
Mode 32
-1.077629059230e-02 5.679662613160e-02 8.884855692754e-02
Mode 33
-5.808702451331e-03 8.371189870068e-03 1.142757182155e-02
Mode 34
1.320755210710e-02 -7.305008244568e-03 -3.016593155865e-02
Mode 35
-4.295706594608e-02 1.736990108099e-01 2.410450768088e-01
--
Polarizability derivatives 
Mode 0
-3.091465778371e-01 3.311731707790e-01 -6.562870876229e-01
3.311731707790e-01 1.207147485188e+00 -1.090628054274e-01
-6.562870876229e-01 -1.090628054274e-01 -1.020330733562e+00
Mode 1
-6.041599454100e-01 1.115501141364e+00 -1.595426664957e-01
1.115501141364e+00 1.043591946219e+00 -1.138228353780e+00
-1.595426664957e-01 -1.138228353780e+00 2.160151220946e+00
Mode 2
9.201053697648e-01 2.232502181757e-01 1.232026450416e-02
2.232502181757e-01 1.284304876316e-01 3.820856048123e-01
1.232026450416e-02 3.820856048123e-01 -5.474676292931e-01
Mode 3
1.235824363600e+00 4.752205533906e-02 -4.808560232642e-02
4.752205533906e-02 1.569266478634e+00 -1.019181400301e+00
-4.808560232642e-02 -1.019181400301e+00 -4.378587242509e-01
Mode 4
-3.624325980589e-01 1.017638341313e+00 3.909646117099e-01
1.017638341313e+00 -1.806639499425e-01 -5.765161360999e-01
3.909646117099e-01 -5.765161360999e-01 5.369476446966e-01
Mode 5
-3.582658979140e-01 -6.047201827570e-01 1.176956007350e-01
-6.047201827570e-01 -2.063931691397e+00 9.835648464492e-01
1.176956007350e-01 9.835648464492e-01 -1.123212169701e+00
Mode 6
-5.228005934564e-02 -1.546806370212e-01 -6.109477874491e-01
-1.546806370212e-01 -4.159233921701e-02 -1.790186498762e+00
-6.109477874491e-01 -1.790186498762e+00 6.530764170534e-01
Mode 7
1.155148251519e+00 3.111877444120e-02 -3.258678482857e-01
3.111877444120e-02 1.177749044920e+00 -8.149944979885e-01
-3.258678482857e-01 -8.149944979885e-01 1.095755669679e+00
Mode 8
-4.131304695218e-01 1.946993302870e-01 4.179333940275e-01
1.946993302870e-01 -1.529854369586e+00 7.462818690675e-01
4.179333940275e-01 7.462818690675e-01 -5.990474209503e-01
Mode 9
2.375672344907e-01 2.253078106368e-01 -1.002473712197e+00
2.253078106368e-01 3.478806812941e+00 -2.029640208210e+00
-1.002473712197e+00 -2.029640208210e+00 4.183365336826e-01
Mode 10
9.585097931616e-03 1.272542731956e+00 -1.422971448520e-01
1.272542731956e+00 2.880610936385e+00 -2.337508200884e+00
-1.422971448520e-01 -2.337508200884e+00 2.257122602820e+00
Mode 11
2.093503009462e-01 4.327162796543e-01 4.581216100951e-03
4.327162796543e-01 3.367602488683e-01 -2.332386417862e-01
4.581216100951e-03 -2.332386417862e-01 3.244232297636e-01
Mode 12
-5.487065005356e-01 6.365350937775e-01 -2.329970661468e-01
6.365350937775e-01 2.134310651766e+00 -1.856881033860e+00
-2.329970661468e-01 -1.856881033860e+00 1.473483560761e+00
Mode 13
-7.468393575347e-01 -3.937385198171e-01 3.048277619012e-01
-3.937385198171e-01 -4.182558251934e-01 -1.817544462052e-01
3.048277619012e-01 -1.817544462052e-01 3.480658772514e-01
Mode 14
-1.136591671608e-01 -2.344312011265e-02 7.592502244573e-01
-2.344312011265e-02 -1.432895102175e+00 7.255250460399e-01
7.592502244573e-01 7.255250460399e-01 -2.220068127656e+00
Mode 15
2.738743950462e-01 -1.086233448264e+00 5.576445178985e-01
-1.086233448264e+00 -1.000627238813e+00 3.044619037703e+00
5.576445178985e-01 3.044619037703e+00 -4.340678808865e-01
Mode 16
-4.755164549855e-01 4.829102709995e-01 -3.659105996261e-01
4.829102709995e-01 3.590399188247e-01 -1.085747089029e+00
-3.659105996261e-01 -1.085747089029e+00 6.832291694313e-01
Mode 17
3.476773906809e-01 -5.449181371882e-01 -4.298989401903e-01
-5.449181371882e-01 2.272472865958e-01 -9.975234032652e-03
-4.298989401903e-01 -9.975234032652e-03 -9.544424766794e-01
Mode 18
-2.047586637668e+00 -2.730925076371e+00 2.387485094446e+00
-2.730925076371e+00 -4.685295179375e+00 2.016537812869e+00
2.387485094446e+00 2.016537812869e+00 -4.142205686860e+00
Mode 19
-3.025576580333e-01 -2.783798552396e-03 7.411680404869e-01
-2.783798552396e-03 -1.494071471322e+00 8.263442382637e-01
7.411680404869e-01 8.263442382637e-01 6.065531047885e-02
Mode 20
-2.919948032003e-01 -1.955429274447e-01 -1.068525499089e-01
-1.955429274447e-01 -1.544347498042e-01 2.905750156677e-01
-1.068525499089e-01 2.905750156677e-01 -6.218416080964e-01
Mode 21
-8.735009773122e-01 -2.710155142256e+00 2.668841915903e+00
-2.710155142256e+00 -5.816384710861e+00 6.472411061538e+00
2.668841915903e+00 6.472411061538e+00 -5.655145138133e+00
Mode 22
-1.924223591368e+00 -2.470653997189e+00 2.372507902341e+00
-2.470653997189e+00 -5.736904232860e+00 3.077089716409e+00
2.372507902341e+00 3.077089716409e+00 -4.908060963778e+00
Mode 23
-2.085341240592e+00 -3.394672788849e+00 3.350039269759e+00
-3.394672788849e+00 -8.605983493222e+00 5.564248343336e+00
3.350039269759e+00 5.564248343336e+00 -7.124807751233e+00
Mode 24
5.502788801912e-01 2.118656211945e+00 -6.113923699660e-01
2.118656211945e+00 6.286678216556e+00 -2.405448370739e+00
-6.113923699660e-01 -2.405448370739e+00 1.713334363306e+00
Mode 25
-9.202586022171e-01 -4.086746891518e-01 1.107639563699e+00
-4.086746891518e-01 8.738236940053e-02 1.058015836881e+00
1.107639563699e+00 1.058015836881e+00 -2.046450529930e+00
Mode 26
2.448787776130e+00 2.840297650138e+00 -2.539082975008e+00
2.840297650138e+00 7.053308696275e+00 -4.433869780272e+00
-2.539082975008e+00 -4.433869780272e+00 4.279187979208e+00
Mode 27
-3.503877609848e-01 -1.260651107578e-01 8.998470450007e-01
-1.260651107578e-01 1.341941094893e+00 2.555763401029e+00
8.998470450007e-01 2.555763401029e+00 -4.414026020972e+00
Mode 28
-8.013768387315e-01 1.306695215882e-01 5.915022332832e-01
1.306695215882e-01 1.711455699338e-02 -7.741620539248e-02
5.915022332832e-01 -7.741620539248e-02 -1.679923092879e+00
Mode 29
1.703252446941e+00 2.823695640339e+00 -3.346496110105e+00
2.823695640339e+00 6.818123403958e+00 -6.756326742911e+00
-3.346496110105e+00 -6.756326742911e+00 6.790256529115e+00
Mode 30
-3.282511215588e+00 -5.792997332499e+00 4.690119873605e+00
-5.792997332499e+00 -9.621226808024e+00 9.379278906466e+00
4.690119873605e+00 9.379278906466e+00 -8.097537207720e+00
Mode 31
1.891355491968e+00 2.155626736673e+00 -4.073532059993e+00
2.155626736673e+00 7.466629195937e-01 -5.227677778460e+00
-4.073532059993e+00 -5.227677778460e+00 3.159155825466e+00
Mode 32
9.896397615925e-01 -1.695093063851e+00 -2.770813627308e+00
-1.695093063851e+00 1.341712091980e+00 4.675333287994e+00
-2.770813627308e+00 4.675333287994e+00 8.170536811412e+00
Mode 33
5.067483977245e+00 2.534606036993e+00 -4.693607670114e+00
2.534606036993e+00 1.907492396615e+00 -2.264245445240e+00
-4.693607670114e+00 -2.264245445240e+00 5.424925802722e+00
Mode 34
-1.065292995842e+00 1.432854514787e+00 1.455553110847e+00
1.432854514787e+00 -1.899199015490e+00 -3.525163310957e+00
1.455553110847e+00 -3.525163310957e+00 -3.784341258447e+00
Mode 35
-9.978223368954e-01 -3.360302424295e-01 1.721688755269e+00
-3.360302424295e-01 -6.122658053503e+00 -3.436758056787e+00
1.721688755269e+00 -3.436758056787e+00 -8.994194688513e+00
--
