Number of atoms 
12
--
Anisotropy 
92.090
--
Frequencies 
48.526899103819
53.035363114052
137.102113516417
144.228806428311
158.025525401025
244.385917519160
378.045609705453
393.578092046641
426.324425993922
483.193866138885
515.613970090600
602.949040946266
674.287406467119
716.708772777545
821.875742230302
855.896939476655
892.486066328179
1008.490252450220
1012.931431101768
1118.578874712066
1185.984981841225
1279.534462884981
1314.530902853262
1399.805219807644
1447.391566909362
1575.888400072066
1609.287900127755
2384.371936581833
3168.138153324796
3217.176127724433
--
Displacements 
Mode 0
4.830006484984e-03 6.877556493146e-01 5.176346010884e-03
1.928334879751e-03 1.444911459330e-01 3.314265494849e-03
5.381181523502e-04 -1.323836896065e-01 8.611431632518e-04
-2.234250538270e-03 -3.596772098395e-01 8.962323487850e-04
-3.793542342269e-03 -3.158120779740e-01 3.209630574502e-03
-2.070080588649e-03 2.124240055219e-03 5.117066122509e-03
7.168016444591e-04 2.207275540699e-01 5.608981916570e-03
-3.980474364528e-03 1.381697067151e-01 8.480715868134e-03
-6.623682394746e-03 2.952146070460e-01 1.331755866383e-02
2.112033151801e-03 -2.624455357943e-01 -1.255572074656e-02
4.731295640321e-04 -5.743667828481e-02 -3.108910943848e-04
-9.681803218180e-04 -1.780688836045e-01 -2.509110724259e-04
Mode 1
-1.349155198532e-01 1.848719759925e-02 -2.477251708737e-01
-8.105566050164e-02 4.699465109215e-03 -1.577597957227e-01
-3.734431105527e-02 -1.487028718445e-03 -8.182801676200e-02
5.067412410760e-02 -7.567381408393e-03 -8.250569675977e-02
9.743160421059e-02 -7.353173871614e-03 -1.577287272475e-01
4.514811714672e-02 1.443382408694e-04 -2.126564142564e-01
-4.590467552896e-02 5.914994560299e-03 -2.311378500351e-01
1.108431648326e-01 2.603171796239e-03 -3.292134262065e-01
2.062675122164e-01 5.595824104322e-03 -5.109847745458e-01
-3.645354297068e-02 -7.830032669678e-03 5.540041133397e-01
-2.074068441358e-02 -6.963572709090e-04 -6.177908456793e-03
2.475492605313e-02 -3.918882809216e-03 -8.027180535827e-03
Mode 2
-1.779476062052e-04 -7.192393465010e-02 -3.815403776760e-04
1.577686872293e-04 7.506802436137e-02 -2.176252742408e-04
1.970124031535e-04 -3.564437496506e-01 -1.487908130241e-04
3.085358467341e-04 -1.481850745381e-01 -1.584937626883e-04
3.858533831961e-04 2.291987145913e-01 -2.922056308254e-04
3.280536785834e-04 3.889738896594e-01 -3.129456781319e-04
2.801991520934e-04 5.258653719992e-01 -3.434869235730e-04
1.274152286362e-04 1.024967388818e-01 6.627247898209e-05
-4.393484526404e-04 -5.330337258122e-01 1.164671496739e-03
-2.762820111502e-04 -2.164985845342e-02 2.071064950137e-04
5.168278658264e-05 -2.342185113625e-01 -3.514960494120e-05
1.073977681307e-04 -9.926386673930e-02 -2.059020243741e-05
Mode 3
-5.744826694870e-02 -6.107061296301e-04 -2.335658545782e-01
1.342902295152e-01 2.022756890005e-04 -1.466533610743e-01
1.639608057632e-01 1.053695489627e-03 -1.097288260498e-01
2.048531131896e-01 1.503076197030e-04 -1.186185430373e-01
2.476655233385e-01 -8.829493855947e-04 -1.892212658162e-01
2.178672871654e-01 -6.463627021645e-04 -1.927389036830e-01
2.005587302724e-01 -4.498644847676e-04 -2.145306540755e-01
1.031742884572e-01 -1.935048643112e-04 1.680417424099e-02
-2.208535239442e-01 8.228397746649e-04 6.157494832483e-01
-2.488000163672e-01 1.936460568480e-04 1.770498872035e-01
4.398374586304e-02 6.008656470000e-04 -2.545074449667e-02
6.643626922712e-02 7.820004602833e-05 -2.330381992481e-02
Mode 4
6.828333372875e-04 4.093500295776e-01 -3.790827348893e-04
4.226809577480e-04 -3.611237449359e-01 -2.738620704116e-04
3.602832686591e-04 -4.528111179587e-01 -4.251808126289e-04
2.469291280214e-04 1.035063316256e-01 -4.208717806107e-04
1.977828541896e-04 4.941381398710e-01 -3.469595916228e-04
2.587650588805e-04 -6.849908911266e-03 -2.092657588222e-04
4.318864779457e-04 -4.381897923277e-01 -1.945511519883e-04
1.796041682201e-04 4.702002989055e-03 -4.585346425525e-05
8.097294634138e-05 1.610427118007e-02 1.542891253472e-04
-8.400887137190e-04 -3.193275352845e-04 6.166965738585e-04
1.247660426985e-04 -2.031089450522e-01 -1.593760795275e-04
5.825862312944e-05 9.221217390054e-02 -1.387479305370e-04
Mode 5
-4.348313664354e-01 1.523711437204e-03 -1.891435776500e-02
-3.433679070885e-01 -4.213732217471e-05 1.818990279115e-02
-2.237942216891e-01 -2.312535250554e-04 2.828871573457e-01
5.476656284541e-02 1.014283292811e-04 2.950810394645e-01
1.894579040494e-01 4.318372332844e-04 8.063686484086e-02
2.844413770529e-02 -7.371183462666e-05 -1.536412545595e-01
-2.526181190313e-01 -3.666603964204e-04 -1.641417380549e-01
5.109206672475e-02 -6.672758849559e-05 -2.094313957044e-01
-1.899818379500e-01 9.791375489940e-05 2.103569543733e-01
3.532493627248e-01 -5.775524956439e-04 -1.038943614748e-01
-1.004826332623e-01 -1.005969587658e-04 1.443501247093e-01
4.846279913992e-02 6.264826442240e-05 1.374808045345e-01
Mode 6
-6.498254031867e-05 -2.400082375114e-02 -3.442125256073e-05
1.975557826485e-05 5.189479504418e-02 7.082290354222e-06
1.473966626976e-06 -3.075082480322e-01 -2.496132640187e-05
3.790877565506e-06 3.243409258907e-01 -9.541204744987e-06
-1.643576175608e-05 -3.033849077746e-02 9.897659668094e-06
1.333585045367e-05 -2.395187114046e-01 2.135701981285e-05
1.634496918658e-05 4.485691295994e-01 1.185777310053e-05
5.761705981320e-06 -5.823350147371e-01 5.690913918631e-05
1.769202217626e-06 3.077634600034e-01 -1.058771579628e-05
1.492226429969e-05 -2.179728112082e-03 -3.238944807805e-07
4.593944451779e-06 -1.966289669153e-01 -1.561178220673e-05
-5.692170862855e-06 2.548891921484e-01 -3.062883206367e-06
Mode 7
8.122760121991e-01 -8.643261562366e-04 -8.196814147279e-02
-1.939726567977e-01 -1.489879541039e-04 -1.085609555635e-02
-1.425444153697e-01 3.679748799351e-05 1.348279838699e-01
4.542919917000e-02 1.227225515239e-04 1.760048657967e-01
1.013325722006e-01 -1.205120639779e-04 8.707838147577e-02
-1.549842448771e-02 3.379410962336e-06 -9.604381064240e-02
-2.094481728200e-01 1.172474798540e-04 -5.802453003264e-02
4.053659966895e-02 3.500354208098e-05 -2.608824758998e-01
-1.481402304437e-01 -1.991732476028e-05 4.879139850747e-02
-1.905267823226e-01 3.326047085049e-04 1.456593909379e-02
-6.832782199498e-02 3.975725893106e-05 8.604028910203e-02
3.005000281355e-02 9.631250274769e-05 7.834864377185e-02
Mode 8
4.390996910803e-02 -3.721551632689e-05 7.941875923195e-01
7.372157630101e-03 2.948137684558e-05 8.769158726037e-02
-7.877823641404e-02 -4.478063379033e-06 -9.394698308683e-02
-6.205577612700e-02 -1.275469466829e-07 -1.503549147338e-01
2.573946846371e-02 2.304959169487e-05 -3.203786816620e-01
3.696983460600e-02 -3.856275052861e-06 -2.369068226961e-01
1.269533782366e-01 1.779195793424e-05 -1.850044202716e-01
-2.149962413281e-02 -4.844376541255e-05 -2.609087494094e-01
-1.791938169822e-01 1.755395814665e-05 -2.820948123449e-02
1.828312379299e-02 9.963780521117e-06 -1.016759473683e-02
2.202944650337e-03 -3.484246571981e-05 -6.987659619200e-02
8.108578728676e-04 -1.787742031900e-05 -1.400390488717e-02
Mode 9
-1.712581683494e-04 9.130157188958e-02 5.881657829849e-05
-1.955257019249e-05 -4.511453394543e-01 3.922940847638e-06
-5.010213076041e-06 -1.148443654996e-01 -4.449100863505e-05
7.239531468964e-06 3.804260735486e-01 -3.157152558395e-05
-1.651629819635e-05 -4.689516132117e-01 -4.339939113062e-05
1.918757561814e-05 -3.105780490343e-02 -8.674136415701e-06
-2.651809841470e-06 1.759386374588e-01 1.291150602625e-05
3.614357651746e-05 4.443221659509e-01 -1.866183615270e-05
4.744219810646e-05 -1.773567709273e-01 3.101173053676e-05
5.287587010560e-05 -5.872638969592e-04 1.874941297707e-06
-3.194459018547e-06 8.417618142329e-02 -8.174080685328e-06
-7.953659096906e-06 3.773863277530e-01 -8.012373953275e-06
Mode 10
4.622644243725e-02 -4.284023454336e-05 4.489099944298e-02
-2.555642592043e-01 3.585171193528e-05 1.983463501519e-02
-3.812318258024e-01 2.543761142826e-05 -2.018893984193e-01
-1.308596672691e-01 -8.161401213421e-06 -2.074531997176e-01
-7.214566170371e-02 2.501115630776e-05 -2.240890786635e-01
1.303568191702e-01 -7.854157265475e-07 7.125664620146e-02
-2.493130908880e-01 -3.968764445025e-05 5.853110120896e-02
4.345816329911e-01 -2.727896508702e-05 1.652432106626e-01
4.733831884821e-01 3.611439361703e-05 2.897468760494e-01
-1.207516729226e-04 8.075897360963e-06 -7.758099753533e-03
-1.116702569254e-01 -6.825491678215e-06 -5.877067897175e-02
-1.380559821172e-02 -3.117208485446e-05 -2.055748647877e-02
Mode 11
-1.092857552161e-01 4.190441006330e-05 1.754764832504e-02
1.397373120871e-01 5.891144273392e-05 -2.866351307253e-02
1.690403552015e-01 -1.343061645781e-05 -1.497309634905e-01
-6.276208041542e-03 -2.684617969498e-05 -1.313490657224e-01
-1.807368314248e-01 9.568604401321e-06 2.882750464635e-01
-1.237862885678e-01 -2.025993212650e-05 2.102042874959e-01
-1.060816665268e-01 7.096063227869e-06 2.578498367395e-01
3.723336718111e-01 -8.311788552101e-06 -6.641282279345e-01
-9.709205467121e-02 6.012836389764e-06 1.782077088741e-01
9.839444715939e-03 -1.826457208973e-05 1.452402990834e-03
6.087617941537e-02 -1.616071816640e-05 -6.331288570756e-02
-5.332312002265e-02 -1.476859563225e-05 -1.206537619950e-01
Mode 12
-3.820823511343e-05 7.256946352856e-02 1.484945028375e-05
-3.082911172832e-05 -6.558391715618e-01 -1.310655208789e-05
3.507628126326e-05 2.573594195791e-01 -1.798680396639e-05
2.874728851394e-05 -1.477006302799e-01 -1.433718009414e-05
-3.461596155613e-06 1.812827106146e-02 -6.583154211068e-06
-8.562757362527e-06 4.434240361113e-01 -7.987052927054e-06
-2.508576631172e-05 1.825663947685e-01 3.521097057913e-05
2.465190015461e-05 -3.964079405593e-01 -1.316063451725e-05
-9.329706810994e-06 1.209675987095e-01 2.091202443332e-06
1.292456519157e-05 3.772187109876e-04 2.273840294808e-06
5.102523897358e-07 2.397984999567e-01 1.369906951336e-05
5.827520878271e-06 -1.303818292725e-01 -1.389570153408e-05
Mode 13
2.232571674358e-02 1.027433498754e-06 -2.155173065503e-01
1.401872083478e-01 -5.283523994294e-05 2.387984981372e-01
-3.926821690587e-02 2.916161402281e-05 2.818681655064e-01
-5.430433216100e-01 1.936933441662e-06 2.924160111804e-01
-2.322493942157e-01 -4.924189692279e-06 -2.533246369258e-01
-1.817602729649e-02 3.005841764332e-06 -5.147649108364e-02
4.055864330411e-01 1.374438904306e-05 -1.013602803798e-01
1.857203501065e-01 -8.258938415723e-06 -1.660937259464e-01
7.516398713853e-02 8.386033787003e-06 9.349975984992e-02
-2.814476083057e-03 4.080819936456e-06 3.309939795035e-03
6.347668991859e-02 -2.377798615431e-05 -5.253965624709e-02
-1.286952454807e-01 -1.006089502085e-05 1.388242763942e-01
Mode 14
-7.566520478041e-06 -3.220119790481e-03 -3.560290876595e-05
1.547974811467e-05 2.043212139846e-01 3.457389697632e-05
-5.683961066845e-05 -4.907798820706e-02 -8.215660804948e-06
3.804403117281e-05 3.033675398246e-01 1.949434029397e-05
3.367773405412e-05 -4.112181690007e-01 -3.036076080369e-05
9.035889008246e-06 6.208201189511e-01 7.139455706981e-06
2.173891172093e-05 -3.582511197277e-01 7.860400297326e-05
-9.359282439651e-06 -1.694925229991e-01 -2.814376069855e-05
-4.100436120515e-05 4.730360566176e-02 -1.936896184792e-05
-1.233760778086e-06 1.003684181510e-03 3.114691017015e-07
-9.303865735742e-06 -3.823459117762e-01 -2.010251152685e-05
2.800470839795e-05 -6.152495626989e-02 2.290619463135e-05
Mode 15
-2.006237454101e-05 2.345254443919e-02 -4.722258816606e-05
-1.163221725583e-06 -2.690542851522e-01 8.055916880621e-05
-8.314355079371e-05 4.049814184858e-01 -4.678146972522e-05
5.595683643814e-05 1.647984085754e-01 -1.438854562481e-05
6.190792683579e-05 3.198148849400e-02 -3.042657885207e-06
4.676559579194e-05 -2.872117033880e-01 4.062726037833e-05
1.065314208617e-05 1.330253854910e-01 7.487120547897e-05
-3.737710521784e-05 1.076674861501e-01 -2.254589243906e-05
-5.193570549396e-05 -2.882297290863e-02 -2.873390755341e-05
4.025125416439e-06 1.734872063178e-03 1.223728682008e-06
-4.527667969988e-06 -6.766316425290e-01 -6.009407960168e-05
4.980333507127e-05 -4.054943723191e-01 1.903060192611e-05
Mode 16
-3.768490708078e-02 5.597782962047e-06 -2.106982778130e-01
4.231152101134e-02 2.985214228806e-05 4.708588658629e-01
-3.313512282902e-01 -6.555783824031e-05 -9.051018561502e-02
1.584069802046e-01 -5.516023117581e-05 -1.210232587223e-01
2.179397508375e-01 4.508795856207e-05 -2.852697044350e-01
2.164179925099e-01 -2.759731003742e-05 2.090927351815e-01
9.763555716789e-02 1.045627411652e-05 4.282756702011e-01
-1.199528777251e-01 1.262282918651e-07 -1.527436704803e-01
-2.575221399665e-01 -1.251775549097e-05 -1.289051307050e-01
3.582230016661e-03 -3.406244142298e-06 8.788071336680e-04
-7.253069207560e-02 2.066163256965e-04 -7.190609050830e-02
1.362134560797e-01 5.742882176777e-05 1.045195878873e-01
Mode 17
-2.725996896277e-03 -2.873043953085e-06 5.992582344650e-03
3.484682335242e-02 1.571527910640e-05 1.929915452500e-02
4.983962565326e-01 1.414568575796e-05 2.254758141959e-01
-1.811174606438e-02 -1.780226902040e-05 7.585712187852e-02
2.244233899206e-04 1.760345702316e-05 -5.559972950228e-01
-1.296636330194e-02 -1.767944994309e-05 -4.325487252443e-02
-5.285791179949e-01 7.931617557313e-08 2.629838069052e-01
4.056180608039e-03 5.072821456476e-06 1.372070993416e-02
1.387359750041e-02 -6.338311891182e-07 5.191365336889e-03
8.511120175709e-04 -2.585114174290e-07 -1.028980785737e-03
1.779823492942e-01 -7.792559609863e-05 2.570551806220e-02
-3.572657174528e-03 3.606323674591e-05 2.331708600174e-02
Mode 18
-1.006567345540e-06 2.281536402859e-03 -1.206632279515e-05
-1.179846626463e-05 -1.055448988941e-02 4.814557280121e-05
-4.484618181700e-05 3.025010225005e-01 -4.445058493062e-07
1.388466093471e-05 -4.605638027068e-01 -4.270546449474e-05
2.655861929700e-05 3.745171765690e-02 4.619118115063e-05
1.015499015721e-05 7.818713866820e-02 6.952488845308e-06
2.021255198269e-05 -3.061598122957e-02 -2.427258618072e-05
-4.504238260291e-06 -1.928268783862e-02 2.181074228248e-08
-7.481779950073e-06 4.860180897715e-03 -4.294251229279e-06
3.800529503346e-07 -6.179861660780e-05 1.468911993849e-07
4.623805536159e-06 -4.020831343837e-01 -3.886821719473e-05
-2.266896439310e-05 7.250779318754e-01 -2.221371356940e-06
Mode 19
7.534068752315e-03 1.614807579219e-06 -1.987162150494e-03
3.955442500142e-03 -2.379005084733e-06 -8.919788374265e-02
-1.302349006567e-02 2.066055888849e-05 2.581701807174e-01
1.799342318458e-01 1.042074611186e-06 -2.142515183438e-01
-2.044493364210e-01 3.249949921580e-06 -2.173608962263e-01
-1.028626953290e-01 -1.572302229037e-05 1.268795643045e-01
2.032043827883e-01 6.160728400312e-06 4.270487424656e-02
3.434794880972e-02 1.815440562974e-06 -4.857140289989e-02
6.572837452850e-03 1.084330830859e-08 1.525759544839e-02
-1.078424755364e-03 1.748458036533e-07 -2.401484561224e-04
-3.600761599481e-01 -6.731351570089e-05 7.113445293554e-01
-4.031882331637e-02 1.965934671435e-06 -2.166057196584e-01
Mode 20
2.069347442637e-02 -2.471551539381e-06 -1.024411930896e-01
-3.286434794633e-01 8.698897905169e-06 6.222687088452e-01
1.961915954008e-01 -2.279120096627e-05 1.354221384820e-01
1.674318300339e-01 3.823754133301e-05 -2.271761228466e-01
-1.343574914146e-01 -4.805176596792e-06 1.417442727261e-01
2.927719478337e-02 1.279985689624e-05 -1.946750390074e-01
7.024276220721e-04 -2.153528032082e-05 -1.970812496309e-01
2.867987202045e-03 1.786153707049e-07 2.785779750483e-02
3.744422342789e-02 1.756268074053e-06 1.487957942535e-02
2.724766744067e-03 8.093696720133e-07 -1.007715028055e-03
1.439870388957e-01 5.153684593646e-06 -8.714420739215e-02
-1.716293995740e-01 -3.901004808981e-05 -4.259581581264e-01
Mode 21
-1.445764161643e-03 -5.832701333439e-06 3.392835053258e-03
-3.793325925692e-01 3.488251896878e-05 -3.409565391552e-02
1.247709286494e-01 1.156560461698e-05 -1.954006219587e-01
3.888538992448e-01 -3.347932957941e-05 2.169589526592e-01
-4.697983915270e-01 1.102635449164e-05 -9.368381994871e-02
-1.257553762702e-01 -2.747805606175e-05 -2.194504699756e-01
2.813526403303e-01 2.274847230552e-07 2.214700451668e-01
3.392612887842e-02 3.132248330414e-06 -1.385735512424e-02
6.349738744872e-02 2.364349287947e-06 3.648531376416e-02
9.109967256169e-04 2.465187145446e-07 -1.602647946776e-03
4.609758078117e-02 -7.003579360566e-07 -6.964309630648e-02
2.685325478886e-01 1.860223889603e-05 3.089339019940e-01
Mode 22
1.612567153506e-04 -4.712378053123e-06 3.357347164997e-02
-3.047543063141e-01 1.605948207551e-05 -2.629417650172e-01
9.562716868692e-02 4.502700812903e-06 -1.290966646218e-01
-1.751834532720e-01 -1.234509662829e-05 2.358400292431e-01
-7.887982696869e-02 7.174191364082e-06 2.192193974974e-02
6.477935781366e-01 2.072553351109e-06 -1.557787910413e-02
1.153869526229e-01 -4.027766947025e-06 2.619085920880e-01
-4.847550310447e-02 4.854222857948e-06 -1.257874703442e-02
-1.476117700430e-01 -7.630854311505e-06 -8.905210912861e-02
-9.894026936287e-05 3.333590173279e-08 -1.943148355202e-03
-2.539569553770e-02 -1.524477975705e-05 4.803709614547e-02
-3.018961156387e-01 5.780274215931e-06 -2.998695645611e-01
Mode 23
-2.691856580091e-02 3.624486501825e-06 -2.794952834784e-02
2.965664076076e-01 9.390927784818e-06 1.825853951224e-01
-5.906019278723e-02 1.070198570506e-05 -2.885283521730e-01
-8.190328901526e-02 -2.112892729075e-05 1.767664179681e-01
1.143788020105e-01 2.893534408075e-06 1.230099360128e-01
-1.562260678163e-01 -2.088773340660e-05 -6.636824582040e-01
-8.474888452662e-02 7.325899693713e-06 3.381291015175e-01
-1.330051686941e-04 1.629643893638e-06 4.771318096361e-02
1.012244149352e-01 4.187087534248e-06 4.520673657525e-02
5.125788103304e-04 -4.965055953363e-07 2.322569961648e-03
-2.041555643651e-01 -1.626862382023e-06 2.266079979831e-01
-1.365463273511e-01 4.480406259365e-06 -1.079698191059e-01
Mode 24
-6.876907414041e-04 1.526344161725e-06 -1.049047892038e-02
8.375347289632e-02 -2.979093495238e-06 2.672582527146e-01
2.544098922761e-01 -6.197340327426e-07 -2.385329479091e-01
-2.182875785579e-01 4.730675449362e-06 -1.543020187681e-01
-2.303205247517e-01 -4.880201352687e-06 1.883832372247e-01
4.139593643560e-01 2.592655907610e-05 9.054162451305e-03
-2.085560563348e-01 -1.374859781889e-05 -2.422080017849e-01
-2.196012615203e-02 6.636353844776e-07 1.272359004421e-02
-5.991084936862e-02 -2.690042672370e-06 -3.856190871722e-02
8.106136354488e-04 4.467420328054e-08 7.622632250848e-04
-1.449218220805e-01 -2.184686834621e-05 3.284081671317e-01
2.304093863296e-01 -3.566475153246e-06 4.225659726786e-01
Mode 25
1.129042147800e-02 -1.828951322425e-06 -5.279452742855e-03
-4.802409573943e-01 1.560314227262e-05 2.704367979780e-02
3.237612632278e-01 -5.754929913747e-06 -1.840620093732e-01
-3.673454724710e-01 1.070493881213e-05 -1.781443858610e-01
4.885073252542e-01 -5.800288503920e-06 2.244537029746e-02
-3.068907581567e-01 -6.888840776519e-06 8.147493874634e-02
2.379932455007e-01 1.187810272322e-06 1.396842419889e-01
7.734302866341e-03 -7.551262735452e-07 -4.242502872086e-03
1.621050096007e-02 6.683823847911e-07 1.202131671121e-02
7.899448665353e-04 -1.233941208245e-07 -2.250288777259e-03
-1.901711888370e-02 -1.760414825622e-05 1.625718981731e-01
1.571966240784e-02 -2.122608722607e-07 1.394943077685e-01
Mode 26
2.015777489648e-03 -1.463702096283e-06 -5.638352059127e-03
-2.096014364854e-02 -1.369575202541e-06 -2.034596782098e-01
-8.800737494635e-02 -3.035964655115e-06 4.966887400099e-01
-1.527167716259e-01 1.113941387328e-05 -5.187859061211e-01
-4.983184267464e-02 -5.989043607110e-06 2.101034636955e-01
1.677628372380e-01 -8.060005674990e-06 -3.753786345412e-01
6.426006856485e-02 8.324241799997e-06 3.299679995313e-01
-7.502533852208e-03 1.284575100215e-06 1.739059688192e-02
-1.403919873909e-03 -3.316296140618e-07 -6.592516079439e-03
-6.521041422265e-04 -2.362785673123e-08 -6.617868276164e-04
1.251328362162e-01 7.897693886322e-06 -9.734336778207e-02
1.740579705451e-01 -6.648037878383e-06 1.633988688978e-01
Mode 27
1.935183004657e-04 -4.266212448926e-09 1.917010153339e-04
-7.402738933843e-03 -1.304704398435e-07 -4.611642414582e-03
1.742528564841e-03 -2.026644999691e-07 1.504120116016e-03
-7.542558707489e-03 2.742529186345e-07 -4.941759061295e-03
1.256182023327e-02 3.420047613308e-07 -1.836971403283e-03
9.603905264663e-02 3.309885906615e-06 5.426727031733e-02
4.645001354801e-03 -3.081383468851e-07 1.215118290957e-02
-6.812920582195e-01 -3.142578940970e-05 -3.812227286837e-01
5.368431394350e-01 2.620059999872e-05 2.994036945027e-01
-1.043776185555e-05 -1.995915959377e-08 -5.695189751058e-05
8.985177403323e-04 -2.571728873662e-07 5.842478857436e-04
-2.022960682886e-03 -8.430659950904e-09 6.312941417565e-04
Mode 28
3.485410693927e-05 -1.489455582841e-08 2.422541627678e-04
1.540146223097e-04 1.324312771450e-07 -7.909878787422e-04
3.751303519352e-02 -7.854839356705e-07 8.045715749766e-03
-2.383756248535e-01 -9.411118619216e-06 1.624589650414e-01
3.671147186735e-05 3.198929178254e-07 -2.191768518123e-03
6.297061954550e-03 2.042687270053e-07 -7.755711316913e-04
-1.703296050933e-04 -9.551436147616e-09 7.681057189055e-04
-3.354075659912e-04 3.513806565422e-08 -4.001143170789e-04
5.906941707314e-05 6.558386865959e-09 6.763063729388e-05
1.784397268110e-05 -9.405963393287e-09 -1.310159044571e-05
-1.243226875874e-01 9.343021745060e-07 -6.626120624037e-02
7.961538355959e-01 3.200127034337e-05 -5.114273228229e-01
Mode 29
4.389848512347e-04 -1.032832025753e-07 -1.724100064161e-04
-9.772119464021e-03 4.978565836376e-07 5.485848252406e-03
2.512348547179e-01 -2.477842556654e-06 1.481072676339e-01
3.439342865674e-02 2.540230268842e-06 -3.763976852396e-02
-2.541033688867e-03 -6.439236710050e-08 -6.639889935419e-04
-1.144692695702e-03 1.082882418965e-07 -6.261076804051e-04
-1.857311187199e-03 -3.236789886484e-07 -9.843746104996e-04
-2.084073184679e-04 -5.947786425692e-08 -7.127860816434e-05
1.821077026356e-04 9.710011520144e-09 9.323220372357e-05
4.628515288742e-05 -3.313690300695e-08 -9.569746307939e-06
-8.214498877402e-01 5.435833821681e-06 -4.676678247827e-01
-1.131613910942e-01 -5.082063924042e-06 7.686409747836e-02
--
Dipole derivatives 
Mode 0
-3.343882745393e-02 5.017048126181e-02 -9.461443928920e-03
Mode 1
2.512336199674e-02 6.298653446641e-03 -5.452579341948e-02
Mode 2
1.232897170385e-03 -1.875972794593e-03 4.362880919919e-04
Mode 3
2.940918338149e-03 4.988766753452e-03 1.454878895601e-02
Mode 4
-2.188320322296e-02 3.351654885023e-02 -7.301893334115e-03
Mode 5
1.490004072358e-02 1.432429639380e-02 2.079263773335e-02
Mode 6
-3.597575933477e-02 5.513801522700e-02 -1.192959199646e-02
Mode 7
-6.434492785383e-04 2.386203576437e-03 1.327860966200e-02
Mode 8
-2.668850254356e-02 -5.660197172498e-03 5.439393349861e-02
Mode 9
4.516440339502e-02 -6.921042566635e-02 1.493440770608e-02
Mode 10
2.178823891800e-02 1.084594891390e-02 -1.561447674413e-02
Mode 11
-2.858225167952e-02 4.446782113865e-04 8.835020129175e-02
Mode 12
1.858982275034e-03 -2.861949846823e-03 6.153088710546e-04
Mode 13
1.889272070058e-02 -1.961159271854e-02 -1.478567033738e-01
Mode 14
2.441280070627e-02 -3.736207738346e-02 8.056222625786e-03
Mode 15
-7.297474542108e-02 1.118474720952e-01 -2.419757459865e-02
Mode 16
1.272969020305e-01 3.787829439229e-02 -2.089303870803e-01
Mode 17
8.253284695969e-02 4.085890379571e-02 -6.022929715325e-02
Mode 18
2.611040985841e-03 -3.991849320441e-03 8.598458721960e-04
Mode 19
-3.799033997775e-02 -1.908045554038e-02 2.633812089104e-02
Mode 20
1.099002679299e-01 2.874970126011e-02 -1.987941887226e-01
Mode 21
2.455535956901e-02 1.669331743353e-02 3.105027840205e-03
Mode 22
2.379227678916e-02 4.329552827125e-02 1.285361648154e-01
Mode 23
-1.673993450303e-01 -1.085023307648e-01 3.557023762053e-03
Mode 24
2.590177419514e-01 1.126760472740e-01 -2.607807806813e-01
Mode 25
-2.363058723997e-01 -1.692050589148e-01 -6.954853703423e-02
Mode 26
-2.161461961029e-01 -1.644415142876e-02 5.766350224052e-01
Mode 27
1.431767801721e-02 9.219682106602e-03 -5.643994779383e-04
Mode 28
-5.285707264796e-02 -5.482367705706e-02 -9.408881569949e-02
Mode 29
5.894077458530e-05 4.578255241460e-03 2.096003968528e-02
--
Polarizability derivatives 
Mode 0
2.773324402556e-02 6.324128803439e-02 3.581146855065e-01
6.324128803439e-02 -2.714676865858e-01 -5.387512358224e-01
3.581146855065e-01 -5.387512358224e-01 2.670542002543e-01
Mode 1
-7.262928104324e-02 1.428602459851e-01 6.024827065959e-01
1.428602459851e-01 4.785104320748e-02 1.718910157946e-01
6.024827065959e-01 1.718910157946e-01 -1.031217855674e+00
Mode 2
2.369356163554e-01 -7.245926465761e-02 1.800562184950e-01
-7.245926465761e-02 -3.309788557034e-01 -1.854300658118e-01
1.800562184950e-01 -1.854300658118e-01 9.389128663704e-02
Mode 3
5.437720272915e-01 5.901398764651e-02 -1.438686746036e+00
5.901398764651e-02 -2.302599511145e-01 -1.145533624299e+00
-1.438686746036e+00 -1.145533624299e+00 -9.758752463933e-01
Mode 4
4.486673364927e-01 -2.754082530095e-01 -2.834708200013e-01
-2.754082530095e-01 -2.140816771919e-01 5.673073014422e-01
-2.834708200013e-01 5.673073014422e-01 -2.386905849162e-01
Mode 5
6.590112523921e-01 5.052243986596e-01 5.596264390487e-02
5.052243986596e-01 3.205088703774e-01 3.918263011554e-01
5.596264390487e-02 3.918263011554e-01 1.542386698985e+00
Mode 6
9.194775706928e-01 -4.829831223655e-01 -2.120609438211e-01
-4.829831223655e-01 -6.779137788524e-01 6.315529769257e-01
-2.120609438211e-01 6.315529769257e-01 -2.407651095351e-01
Mode 7
-7.921207273415e-01 -6.441669754243e-01 -5.723718807403e-03
-6.441669754243e-01 -2.824500626974e-01 -2.478311331337e-01
-5.723718807403e-03 -2.478311331337e-01 -9.371753767040e-01
Mode 8
-1.249655204950e+00 -5.411474299656e-01 4.042266753568e-01
-5.411474299656e-01 -5.317960029915e-01 5.024403190931e-01
4.042266753568e-01 5.024403190931e-01 8.144178727119e-01
Mode 9
-9.010014139701e-01 2.928246726833e-01 -6.296764874318e-01
2.928246726833e-01 1.219528007119e+00 6.046566074395e-01
-6.296764874318e-01 6.046566074395e-01 -3.168827847408e-01
Mode 10
1.061190251171e+00 6.881404335089e-01 5.121824468421e-01
6.881404335089e-01 7.073048635785e-01 3.802491292259e-01
5.121824468421e-01 3.802491292259e-01 3.883288410618e-01
Mode 11
3.549194734226e-01 1.847424466442e-02 -1.075639788075e+00
1.847424466442e-02 -1.521429428304e-01 -6.228661150049e-01
-1.075639788075e+00 -6.228661150049e-01 3.372203208658e-01
Mode 12
5.726398994292e-01 -2.779495505013e-01 -2.469682318642e-02
-2.779495505013e-01 -4.936170720041e-01 2.363765459024e-01
-2.469682318642e-02 2.363765459024e-01 -7.848852466965e-02
Mode 13
4.640499152218e-01 2.539413450579e-01 8.385111177973e-01
2.539413450579e-01 6.257178607324e-01 4.966083828025e-01
8.385111177973e-01 4.966083828025e-01 1.193777804118e-01
Mode 14
1.138259265932e+00 -5.036490590656e-01 1.746644020668e-01
-5.036490590656e-01 -1.129257149831e+00 1.425563340266e-01
1.746644020668e-01 1.425563340266e-01 -8.240940195916e-03
Mode 15
-8.458152819462e-02 6.875160949849e-02 1.314652216057e-01
6.875160949849e-02 -1.114601906493e-02 -2.219109685863e-01
1.314652216057e-01 -2.219109685863e-01 9.685588632857e-02
Mode 16
6.412333300717e-01 3.853680345416e-01 7.599610888834e-01
3.853680345416e-01 5.208007582827e-01 -1.556528664317e-01
7.599610888834e-01 -1.556528664317e-01 -2.712212230770e+00
Mode 17
-2.640651372561e+00 -1.296671413167e+00 1.478323220327e+00
-1.296671413167e+00 -1.041502675450e+00 -1.436397522326e-01
1.478323220327e+00 -1.436397522326e-01 -5.293871509618e+00
Mode 18
-3.264232224639e-01 9.803759001769e-02 -2.656852264893e-01
9.803759001769e-02 4.666565158397e-01 2.737368601511e-01
-2.656852264893e-01 2.737368601511e-01 -1.413422804109e-01
Mode 19
-5.894448629003e-01 -3.818947891913e-02 8.231747484467e-01
-3.818947891913e-02 -1.393189217498e-01 6.683964849562e-01
8.231747484467e-01 6.683964849562e-01 3.477697549388e-01
Mode 20
-6.166956841991e-01 -3.301553535404e-01 1.907824801803e+00
-3.301553535404e-01 2.852636548054e-01 -9.700565399720e-02
1.907824801803e+00 -9.700565399720e-02 -5.689142681554e+00
Mode 21
-8.700891599293e-01 -7.055412185032e-01 -2.374568817707e-01
-7.055412185032e-01 -2.483462650886e-01 3.649909048115e-01
-2.374568817707e-01 3.649909048115e-01 2.536409828734e+00
Mode 22
2.892704340927e+00 1.812182214266e+00 -5.742123780322e-01
1.812182214266e+00 1.336240438402e+00 1.057712905588e+00
-5.742123780322e-01 1.057712905588e+00 6.551430987273e+00
Mode 23
-1.615435933739e+00 -1.086624249857e+00 1.277335838717e+00
-1.086624249857e+00 5.376575721167e-02 1.341770050540e+00
1.277335838717e+00 1.341770050540e+00 2.825009609170e+00
Mode 24
2.810491965163e+00 1.578155778453e+00 9.220369888202e-01
1.578155778453e+00 1.749290068870e+00 1.016339970909e-01
9.220369888202e-01 1.016339970909e-01 -1.616171022313e+00
Mode 25
-4.870009692465e+00 -3.149607579953e+00 -9.905013348343e-01
-3.149607579953e+00 -2.561568422315e+00 -6.246637295655e-01
-9.905013348343e-01 -6.246637295655e-01 -2.692441497658e-01
Mode 26
-2.812581229253e+00 -1.971732708242e+00 -2.807887811684e+00
-1.971732708242e+00 -2.202752658067e+00 -9.014183586159e-01
-2.807887811684e+00 -9.014183586159e-01 3.587941598108e+00
Mode 27
1.260526955237e+01 7.533095144212e+00 -1.505798129498e+00
7.533095144212e+00 5.272561781431e+00 -9.493097401542e-01
-1.505798129498e+00 -9.493097401542e-01 7.160132911653e-01
Mode 28
-1.939803125976e-01 -4.897781593310e-01 -2.828218566081e+00
-4.897781593310e-01 -1.694633494535e+00 -4.608979865200e+00
-2.828218566081e+00 -4.608979865200e+00 -1.317285215719e+01
Mode 29
6.642287595246e+00 4.509572011924e+00 2.369382437887e+00
4.509572011924e+00 3.873639747657e+00 1.915195283839e+00
2.369382437887e+00 1.915195283839e+00 2.225042671549e+00
--
