Number of atoms 
14
--
Anisotropy 
50.164
--
Frequencies 
32.950001217970
52.150551466409
60.115144374415
102.339696680724
136.513045652266
229.020353717497
291.059012967376
337.248160510166
378.573783021571
414.244054624349
620.236382989663
671.435313372732
692.727288907707
766.909942885013
804.863842164884
876.059936009639
930.530224923536
993.654282921053
1041.929111223570
1054.450220422108
1085.547761303932
1158.516256824587
1242.957969917273
1310.649009213944
1392.314529690785
1406.075098703123
1433.086186226931
1446.525122312849
1450.199766712834
1581.549965734768
1655.599011482390
3051.024071266709
3073.518725534313
3126.045908313596
3138.500202113094
3175.595249133875
--
Displacements 
Mode 0
3.472236663226e-01 -1.252465705401e-01 5.549228622406e-02
1.324077686779e-01 3.165392892792e-02 3.075596002779e-02
1.005309067907e-01 -2.864216237108e-02 1.022418021370e-01
-4.525647728785e-02 -1.664918481529e-02 2.535358263194e-01
-3.694131816650e-02 -1.156125249428e-01 3.334719630787e-01
1.171376625042e-01 -1.564044580731e-01 1.811504769491e-01
2.205956959607e-01 -1.256957202286e-01 6.642061884686e-02
1.604823985865e-01 -2.532396475272e-01 2.264320143180e-01
-3.172942597665e-01 2.356469137415e-01 -3.514691027275e-01
1.712113041527e-02 2.301496561004e-02 1.619116272010e-02
4.680700176315e-02 2.419994231351e-02 -1.236507004460e-02
5.386060737854e-02 -1.348302273063e-01 1.324282096918e-01
9.545127556965e-02 -9.104751267039e-02 -6.303979003932e-04
-1.359791316400e-03 -1.590511712811e-02 7.884909905846e-02
Mode 1
-1.363456454125e-01 1.498044334353e-01 2.323173601982e-01
1.580642079393e-02 1.180607056830e-01 1.430660412948e-01
4.188345747693e-02 2.696211011865e-02 7.651090411771e-02
1.687675568342e-01 -1.521603758999e-01 -3.035226691945e-01
1.593264403561e-01 -1.819677514658e-01 -2.431663807420e-01
1.188284892604e-02 4.950547144674e-03 1.914776208789e-01
-5.377170860463e-02 1.296441738921e-01 4.038541672881e-01
-4.017899886595e-02 3.429003961466e-02 3.818291786255e-01
-2.638323408092e-02 -5.696670167840e-02 -2.797323016139e-01
-9.909891089925e-03 4.277938301191e-02 4.352609274021e-02
2.746916019553e-02 4.592726314296e-02 4.893088218381e-02
-1.681335310530e-02 1.327195423905e-01 -8.683716787352e-03
-6.611541149844e-02 6.112683723959e-02 2.832426872222e-01
3.735426428940e-02 -1.568912258840e-01 9.390471462212e-02
Mode 2
1.709546020391e-01 -1.033134170876e-01 -4.830562729218e-02
-7.899875634124e-03 -1.258237249613e-02 -2.828627911273e-02
-3.443202300960e-02 1.192671869307e-02 3.070166621933e-02
-7.683045683870e-02 4.753479451070e-02 1.212268087589e-01
-8.004134287001e-02 4.705496986179e-02 1.246129741771e-01
-2.981816969265e-02 3.310750591059e-03 2.050846750826e-02
-1.581892052013e-02 -9.662570632147e-03 -1.521429936873e-02
5.002047386979e-02 -7.537052799661e-02 -1.719163038175e-01
-2.000268019197e-02 4.274104862432e-02 1.180005816897e-02
-4.375641940927e-03 -2.525554553085e-03 -8.398930959681e-03
-1.054655904473e-02 -2.052988147088e-03 -2.467413634635e-02
-1.093930603871e-01 2.684367522115e-01 -5.002680615852e-01
-1.357828430881e-01 1.114343877047e-01 4.003328833186e-01
3.174307973700e-01 -4.686201446176e-01 -1.373570004175e-01
Mode 3
5.308106554427e-01 -3.040060414158e-01 7.557019696443e-02
-1.312755811505e-01 2.270846918168e-01 5.596564901344e-02
-1.837478266962e-01 1.830608840409e-01 1.514548580383e-01
-1.203164270731e-01 4.234100533961e-02 -1.535584906444e-01
-3.430514447756e-02 -9.389474474861e-02 -3.379559144248e-01
-6.872313878768e-02 6.675104062139e-03 -6.540687624730e-02
-1.863619678749e-01 1.945258445693e-01 2.502289773462e-01
2.346377876787e-02 -1.156704693061e-01 -2.105587306081e-01
-2.840125671465e-02 6.257751128420e-03 7.401099124689e-02
-7.913542046468e-02 9.653643370144e-02 4.164470633235e-02
-2.977394407692e-02 1.084559123226e-01 -7.118637001840e-02
-8.830856462065e-03 -1.216380220630e-01 -3.198395258011e-03
5.661495693273e-02 -5.879742765580e-02 -1.509388392873e-01
-8.547174157596e-03 5.221845753647e-02 -5.409334019668e-02
Mode 4
-4.234377313321e-02 -8.322937332330e-02 -3.174903842520e-01
7.915519263591e-02 3.073784016969e-01 -1.953227640453e-01
1.025763532903e-01 2.504556747811e-01 -2.301665943797e-01
-7.141895184788e-02 2.155446354294e-01 -2.053956172686e-01
-8.232691173652e-02 5.869045579661e-02 -6.205101028788e-02
1.183581755584e-01 4.113766428319e-02 -1.098817622331e-02
2.598526632348e-01 1.702107866899e-01 -1.628312022441e-01
1.484450485664e-01 -1.240430494171e-01 3.114220093907e-01
-1.342620167755e-01 -2.108994159553e-01 2.554605741739e-01
-1.657329121220e-03 1.252064751865e-01 1.701159400953e-02
5.847892086120e-02 1.313382338490e-01 -9.837383140389e-02
5.261255150363e-02 -1.671373254498e-02 8.676027136377e-02
8.628366644799e-02 -9.170526774368e-03 1.644530847499e-01
-2.393659075883e-03 -1.240509411776e-01 9.835781298859e-02
Mode 5
1.651546791472e-01 -1.223173753671e-01 2.993751362068e-01
-8.567228864574e-02 2.099832355737e-01 1.462982223508e-01
-2.822508896018e-02 -8.013146291529e-02 -4.767564239171e-02
-1.074456531441e-01 -2.503839401196e-02 9.770895282537e-02
1.114627123030e-02 -1.061061257104e-01 -1.528326791245e-01
5.766744142153e-02 -1.612359124087e-01 -3.085837031049e-01
1.037996734880e-01 -2.389408076990e-01 -4.266516824990e-01
-2.454983934999e-01 2.184817207517e-01 1.741889210571e-01
3.069570982342e-02 6.285405674998e-02 -8.217141437262e-03
-1.139802013035e-01 1.251201392910e-01 9.026611711526e-02
6.559094770389e-02 1.390767758252e-01 4.671861919722e-03
4.469536075311e-02 2.245150909374e-01 7.706154660659e-02
-1.788117077959e-01 8.561763722708e-02 1.437951880868e-01
-1.664950144157e-01 -2.994860524126e-03 7.131289714924e-02
Mode 6
2.397178342400e-02 1.572928003411e-01 -2.487818304122e-01
1.086444262285e-01 3.950950962368e-01 -1.029409132114e-01
8.225731136127e-02 -1.308617364926e-01 -8.936849794763e-03
3.554994605223e-02 -1.955297228303e-01 -2.605304146802e-02
2.699107071629e-02 -1.508753590103e-01 2.184140490414e-01
1.493649521918e-02 -1.072176102625e-01 2.240254185301e-01
5.734906912078e-02 -1.448305535600e-01 1.893033401973e-01
-9.442041036924e-02 2.609438190573e-01 -2.359611195937e-01
-6.420359938881e-02 -9.294300020511e-02 5.511053453210e-02
-1.531172658154e-01 2.358051746398e-01 2.929714789816e-02
1.966755744287e-01 2.521359537215e-01 -8.913155867726e-02
-3.194251773340e-02 1.105437813593e-01 -1.071520169039e-01
-1.684538119524e-01 3.593486650117e-02 -1.627149260805e-01
8.110792118113e-02 2.065113786187e-01 -9.090418462230e-02
Mode 7
-4.613314339655e-01 -7.512521010713e-01 3.635718292248e-02
-2.246747574954e-02 5.801782372550e-02 4.852792640384e-02
3.842726130188e-02 -4.724473337056e-02 -5.665213186392e-02
6.753243190627e-02 -5.369038618323e-02 -7.882849037774e-02
-2.124653175770e-03 3.197715815900e-02 9.148057590437e-02
-2.227450207597e-02 3.817452929624e-02 1.037971506786e-01
-2.719737230157e-03 -1.991222774486e-03 4.144010117579e-02
3.081921050348e-02 -7.588290831868e-03 -2.617230614443e-02
1.593129793931e-01 2.857620740850e-01 -4.921093400460e-02
-7.712633301667e-02 9.265298154939e-02 1.355430767962e-01
8.528726814758e-02 1.062505650330e-01 -4.817170439903e-02
-1.963136636138e-02 -3.291816606605e-02 -2.267100259115e-02
2.182841422521e-02 -8.742926729982e-03 -3.099998131900e-02
4.318161666130e-02 1.662868557488e-02 -1.541103783020e-02
Mode 8
2.135442584498e-01 9.618967175658e-02 3.915413301826e-01
2.354695789022e-02 5.868572076813e-02 4.446819724448e-02
1.002090631043e-01 -1.508837451111e-01 -3.487891926033e-01
1.359594728144e-01 -1.497708680034e-01 -4.276130485083e-01
-2.055033218580e-01 2.247298269081e-01 2.294263443783e-01
-2.194577420472e-01 1.727739260792e-01 1.512086605068e-01
-7.059407002034e-02 -1.720638945838e-02 -2.420362556020e-01
-4.390281179072e-02 -1.380748701689e-01 -4.308505230412e-02
-1.696053474648e-02 -3.396938588135e-02 5.604887390274e-03
-3.565928778565e-02 4.681212183684e-02 3.311583046781e-02
8.905125605691e-02 5.386552957648e-02 5.955469947994e-02
-1.035830401606e-01 -1.547335370833e-01 -4.532559670139e-02
9.341872891291e-02 -4.289209801457e-02 -4.389415888415e-02
4.787253439383e-02 -4.440477902480e-02 -2.798070864225e-02
Mode 9
2.505833100260e-03 -8.096812087403e-02 2.232466991130e-01
5.196285896884e-02 -1.431040038606e-01 -1.257996163022e-02
7.112932187512e-02 2.840332117708e-01 -1.606377110616e-01
-2.696279392622e-01 1.177362610620e-01 -2.746065516125e-01
-2.506372786327e-01 -2.637866519004e-01 6.248497244221e-02
1.053356355308e-01 -2.037176724821e-01 1.829203790176e-01
3.135226589606e-01 8.630911241289e-02 4.579979680075e-02
-4.409546368007e-02 1.960493723434e-01 -1.101460152149e-01
1.585681498033e-02 2.010996944469e-02 -8.465909280681e-03
2.220927319216e-01 -1.653346025326e-01 -2.795266718116e-02
-1.496911233676e-01 -1.842255616078e-01 6.847141401897e-02
1.810323633420e-02 1.474832458225e-01 -6.827761128531e-02
-2.039299975901e-01 1.898745395416e-02 -1.108710965257e-01
7.644523123262e-02 1.884584020108e-01 -4.988595561974e-02
Mode 10
-6.976452824389e-02 -2.606254316030e-02 1.945546171067e-01
5.722648533575e-01 2.579078546294e-02 -2.453904252026e-01
2.238185507549e-01 4.265995784201e-03 -1.050849323799e-01
-8.385396015098e-02 1.278515930505e-01 2.744244116196e-01
3.373377126145e-02 -5.123718458181e-02 -2.026173426676e-01
-1.691036215590e-01 -2.834490552743e-02 -2.699585488000e-02
-1.033861207802e-01 1.578545748994e-01 7.179004472904e-02
-3.692752010634e-01 -1.827418282602e-01 -6.676937901461e-02
2.847043994161e-03 4.694228808369e-03 6.623340686371e-03
1.498938729306e-01 3.005318346806e-02 -2.651368872487e-02
2.019889858722e-01 1.835835279760e-02 -4.005271399317e-02
-1.281552260945e-01 -7.978919662226e-02 -2.543671893545e-02
-9.259702744757e-02 -5.588400812987e-02 -2.544010522227e-02
-1.036824065833e-01 -6.775602298643e-02 -2.137953697010e-02
Mode 11
2.278749303860e-02 9.483576728031e-03 7.116247815085e-02
-1.503185140896e-01 -2.433226056077e-02 -8.372697714600e-02
-8.250858692527e-03 -1.294747803646e-01 -2.049015145307e-01
-1.945904019822e-01 9.077201075924e-02 2.795633743300e-01
1.515379537459e-01 -1.620298418660e-01 -4.112739311428e-01
-1.373164457371e-01 2.320192429820e-01 4.749891574508e-01
6.688665032280e-02 -1.395954723887e-01 -1.805107411386e-01
1.692020988309e-01 1.422608717660e-01 1.300641986222e-01
-8.750220028318e-04 -1.229257504599e-03 -1.517586573768e-03
-6.924627216165e-02 5.934436877017e-03 -2.493777310373e-02
-1.250826202287e-02 8.849569780660e-03 -1.001935263218e-02
-1.201046284027e-01 -1.021056871974e-01 -8.828408515817e-02
1.255202634882e-01 1.513456210332e-02 -6.444328171215e-02
2.696810757661e-01 1.026722153540e-01 -1.456260207409e-02
Mode 12
-3.180902093734e-02 -1.460277285087e-02 3.483913210961e-01
4.258984170616e-02 2.057914209436e-03 -5.445621507463e-01
-8.782282559717e-02 -1.627778824929e-01 -1.168813237909e-01
-1.655616579100e-01 -9.562863841116e-02 2.356883082652e-02
-1.315706008818e-01 5.180771569671e-02 4.299765348938e-02
1.553337248559e-01 9.147847246152e-03 -2.193802684580e-01
-1.843780991781e-01 -3.955306115993e-02 2.272063087367e-01
3.830257103266e-01 1.791144285347e-01 2.360568891271e-02
8.235756246267e-04 2.424486648088e-03 1.577082711428e-03
-6.529711891291e-02 3.381441729142e-02 -1.784341546140e-01
4.272026706612e-02 7.751120032266e-03 -1.219826196298e-01
1.912143784372e-01 1.143805211319e-01 7.022665263677e-02
1.159096860179e-01 7.357009757074e-02 6.560211459509e-02
1.006140910442e-02 2.129958291436e-02 3.214244124383e-02
Mode 13
-5.252001597356e-02 -4.582148205177e-02 2.008286300919e-01
-1.445989922463e-01 1.950225336525e-01 -4.778269416738e-01
-1.756807003700e-01 1.884893650292e-01 3.290596203613e-01
2.340860126249e-01 2.669902858376e-03 -1.076708119760e-01
2.958390154571e-01 2.841112649885e-02 1.002607529809e-01
-3.497954063891e-02 -2.695630079144e-02 1.427542137312e-01
1.526518316587e-01 -1.379172507417e-01 -1.837294923823e-01
-2.139799295283e-01 -1.069012866085e-01 -3.717823680110e-03
1.535847612769e-03 2.587032795449e-03 3.549837474751e-03
2.894682259099e-02 -2.626993736826e-02 -2.657380826297e-01
-2.329511165943e-01 -7.903895909463e-02 -1.196087540729e-01
-1.101398419859e-01 -7.440317826286e-02 -3.382375133687e-02
-5.608655122937e-02 -4.106191230735e-02 -2.695393993877e-02
-1.133082872254e-02 -2.782017782886e-02 -1.429068999193e-02
Mode 14
5.329395476064e-02 1.024640556506e-02 5.115857399769e-02
-4.674716437353e-01 -3.646789939339e-02 -7.292599889488e-02
1.235269792695e-01 -9.970995211911e-02 -5.257044894114e-01
7.490253042090e-02 2.605118657895e-01 1.405108195993e-01
3.060053840846e-01 2.197346250900e-02 1.388492613919e-01
9.900014790479e-02 -1.634383472872e-01 -4.483499881855e-02
3.496867771818e-02 1.410538281126e-01 2.856562453798e-01
-1.788705673636e-01 -1.544208947813e-01 -5.124521448684e-02
-7.463736415437e-04 -1.789267012827e-03 -2.820865207935e-03
-1.570003538787e-01 2.701298448702e-03 -1.038721305877e-02
-6.669096297563e-02 1.804612192825e-02 2.815736679612e-02
-3.343762580499e-03 1.239325926084e-02 7.554674306918e-03
-1.326479924631e-01 -5.241100569875e-02 -1.458432419856e-02
-9.624021144325e-02 -3.109414539423e-02 -3.954423219162e-03
Mode 15
5.227862336599e-03 1.199569808386e-01 9.548964851405e-02
-2.798189583297e-02 -5.311834074227e-01 -1.309357875214e-01
-9.858983860766e-02 1.007132271295e-01 1.689106419004e-01
1.346992497037e-01 1.623040890119e-01 -7.906253009944e-02
-9.749516540496e-02 -4.909602997817e-02 -2.957580907247e-02
2.033426029245e-02 -3.582659189498e-02 5.526434394221e-02
1.303683669629e-01 1.028408025798e-01 -7.432849714376e-02
-2.101701198918e-02 -6.083347218623e-02 2.602485624381e-02
-1.997499225407e-03 -2.553049430533e-03 -5.385401569913e-03
-3.750273911543e-01 1.442092276535e-01 2.696517227931e-01
2.754749089047e-01 1.896833954850e-01 -3.960033206525e-01
3.336257963901e-03 3.363487334537e-02 -2.445936013341e-02
-1.019139543028e-01 -3.673967241978e-02 -3.255525760587e-02
3.607655634724e-02 5.544710408590e-02 -1.125997241794e-03
Mode 16
1.721299175555e-03 2.752346809015e-02 -5.609864198484e-04
3.301544285084e-02 -1.427168586714e-01 1.669100731543e-02
5.760310718669e-04 7.324613688822e-02 3.769433061275e-02
-6.003796023990e-01 -2.622788726287e-01 -1.686306157810e-01
5.234336279207e-01 5.017256508155e-02 2.067146094910e-01
-7.399393271725e-03 -2.223910537539e-04 -1.663574474519e-02
6.541729767280e-02 1.560004114860e-01 -5.068513951688e-02
-7.618529410484e-02 1.290507909726e-01 -6.821142942989e-02
-5.334360846516e-04 -5.901120207724e-04 -1.628535573254e-03
-4.158250511435e-02 1.957698535077e-02 1.099497642901e-01
7.628241412964e-02 3.544725704083e-02 -7.088136049797e-02
-8.357088081818e-02 -1.312000969926e-01 4.017294527522e-02
2.096486337389e-01 7.453487941170e-02 5.616923077590e-02
-8.168767133490e-02 -1.536770447738e-01 -1.038075244460e-02
Mode 17
-1.486768018426e-03 -3.909628272802e-03 -1.015965913372e-02
3.744754044606e-02 -7.650173239379e-04 1.887724603076e-02
-1.314049825795e-02 -2.379867616626e-02 3.697759163701e-02
-2.409380552676e-01 -2.036976172941e-01 -2.950711841782e-02
1.453206321409e-01 5.240650452283e-01 -1.521803261286e-01
3.849886902277e-02 -1.215863874719e-01 6.239730178879e-02
-3.099022177410e-02 -2.305015718647e-03 -2.150150192408e-02
1.090024659677e-01 -3.121154142760e-01 1.819541111681e-01
-1.841353651930e-04 4.411097191051e-05 -2.234026665152e-04
7.083701707501e-03 -3.508049513935e-03 -1.280065941970e-02
2.180089694023e-02 -6.218737340594e-03 3.620655171101e-02
1.041822898870e-01 2.013750988401e-01 -9.831615580512e-02
-4.462092708180e-01 -1.789156334690e-01 -1.313104963996e-01
1.659305554521e-01 2.700775632239e-01 2.705966652593e-02
Mode 18
-7.475682608400e-03 -2.592622759512e-02 7.458250108694e-03
-1.194115352274e-01 4.040995424284e-02 -3.419903853913e-02
1.177211998451e-01 -1.607824361250e-01 9.628327927255e-02
6.249117247002e-02 -3.415261956419e-01 1.723090178575e-01
-7.805551229029e-02 -2.754675234346e-01 8.397288426884e-02
-8.882379552948e-02 1.120969596906e-01 -9.386225008565e-02
1.159671935344e-01 6.960413207476e-01 -2.380209440281e-01
4.705389003929e-02 -4.887521928955e-02 4.878736401756e-02
9.953917035765e-04 5.678256953457e-04 2.277914056716e-03
-1.333503370473e-01 2.350799678708e-03 -2.198614352395e-01
-4.194458351578e-02 -2.144317821467e-02 6.320474689456e-02
3.228274118668e-02 7.119572926710e-02 -3.487088517962e-02
-9.270221460131e-02 -3.450115107237e-02 -3.577069124369e-02
5.962235175706e-02 9.364233100368e-02 5.162745035267e-03
Mode 19
-2.730869879022e-04 -3.829638807459e-04 2.369352529270e-05
-1.377282738498e-03 2.680969844211e-04 -1.120944674045e-03
-1.287764355337e-03 -4.783945933685e-03 2.584332539608e-03
2.258309869394e-02 6.042877016930e-03 -1.190119738182e-02
-5.599726484250e-02 3.615148414383e-02 5.608021982637e-02
1.696407653016e-01 -1.606214318818e-01 -3.838895748494e-01
-2.267924921815e-02 1.456897396765e-02 8.901051764017e-02
-1.574803465412e-01 1.630335031076e-01 3.754919091959e-01
5.311577210107e-05 -3.901098986679e-06 -5.817629886272e-05
-1.547433563534e-03 -5.834093623283e-04 -4.416419415047e-03
-1.063805855088e-03 -1.291926202673e-03 1.797389580817e-03
-4.232905291481e-01 -2.289347494400e-01 -2.192604577901e-01
1.491272646512e-01 -5.240304222528e-02 -2.432795271612e-01
4.682458476847e-01 7.183251639415e-02 -2.107232184270e-02
Mode 20
-3.745618274704e-03 -9.218475329010e-03 6.711905016333e-03
-1.078359696304e-01 -3.348078024915e-02 -1.459005249417e-02
1.034667546822e-01 -1.508849558122e-01 8.672648068801e-02
-5.908714709164e-02 -2.419603336781e-01 8.044535738696e-02
-3.173062003989e-01 3.613144953346e-01 -2.869313854257e-01
2.101262097549e-01 7.798795401965e-02 6.806071946707e-02
5.064303287025e-01 -2.064399249787e-02 2.286972544111e-01
-2.130853941624e-01 6.637694761121e-02 -1.298007646317e-01
2.777924456677e-05 7.269312456957e-04 -7.450068425154e-04
-1.266837444937e-01 5.335948001129e-03 -1.233477144932e-01
-2.901250575293e-02 -1.099965790271e-02 4.773634311722e-03
-1.137142203465e-01 -1.423215432309e-01 3.519686309808e-02
7.343821823052e-02 4.479987588918e-02 3.143313041715e-02
-1.614221252314e-01 -1.775736222229e-01 -2.057237125618e-02
Mode 21
2.647123922257e-03 6.629116524258e-02 2.931300504050e-02
-8.583134381750e-02 9.966691804762e-02 -3.217701860642e-02
1.312980846115e-01 9.628034251094e-03 -1.058629682312e-01
6.611225818343e-02 -2.744480230042e-01 1.551150770804e-01
-5.624902427002e-02 1.520747771142e-02 -2.100971525561e-02
-1.139235573667e-02 4.502666883817e-02 -3.253939388645e-02
-2.601810549540e-02 3.500493318861e-02 8.363936987782e-03
1.968750242800e-03 -8.234932743959e-03 2.432097677786e-03
-4.248391615128e-04 -1.644746244004e-03 -1.736902452366e-03
3.465390895395e-01 -3.603811701040e-02 4.863541530846e-01
-3.985771108645e-01 8.659292790215e-04 -5.638699418212e-01
2.015806817949e-03 7.813992780944e-03 -6.121246796034e-03
-7.157041207323e-03 -3.770748173000e-03 -3.858916076308e-03
-1.528752203663e-03 8.597289120558e-03 1.217527208865e-03
Mode 22
4.281865594842e-02 1.223728088989e-02 -2.077092678102e-02
-1.672373898718e-01 1.071319144590e-02 -3.928118417096e-01
-1.277139652506e-01 -1.828703783466e-02 8.969791014345e-02
5.028263020130e-02 -7.976233843199e-02 4.377418643846e-02
-2.564624831943e-02 -1.619111553933e-02 -1.428542240849e-02
2.032178489398e-02 5.445226840975e-02 -1.186504817662e-02
8.614419585495e-02 5.940516015083e-02 -1.307239544234e-03
-1.718154673851e-02 -9.178500328318e-03 -1.361142279614e-03
-1.235318998838e-03 -1.353391968099e-03 -2.416222930539e-03
2.060320563584e-01 6.123662498071e-02 5.960931911136e-01
2.085644885087e-01 -8.976296929909e-02 5.567830062510e-01
-1.186390421517e-02 -5.022645256844e-03 -7.704671529781e-03
-1.596357757830e-02 -4.858489671995e-03 -4.589570717772e-03
-1.010244843412e-02 -1.301848757303e-03 3.727092675620e-04
Mode 23
4.305482812043e-03 -1.250724855551e-03 -8.403330636014e-04
-6.594339648493e-02 -1.910190462302e-02 -4.991037402756e-02
1.645079443800e-01 2.190500010232e-01 -1.208950963785e-02
1.477015761651e-01 -1.294029811454e-01 1.167071161455e-01
-5.014481949939e-02 2.320323534362e-01 -1.182708317457e-01
-1.872611208866e-01 -6.490800061636e-01 1.910356960578e-01
-1.516009485426e-01 1.338923507986e-01 -1.211665635015e-01
-2.111049596479e-02 1.569592977260e-01 -7.485092572126e-02
3.256603103375e-05 -2.821320704511e-04 2.009780265822e-04
-6.771059323182e-02 2.460677377726e-02 -9.640788004363e-05
1.702411835845e-02 -1.296776765944e-02 7.037079367678e-02
1.379332466245e-01 1.490638149502e-02 2.056134252145e-01
2.749269805796e-01 1.005897450297e-01 9.327143994613e-02
2.063263667795e-01 -4.907411104031e-02 -6.641674324239e-02
Mode 24
4.069951899750e-03 -1.207004555475e-03 -3.546473294697e-03
-5.081437565220e-02 -3.691054143360e-02 -5.300759226867e-02
3.045190114094e-01 2.764582711244e-01 1.431684454790e-02
1.841538844239e-02 -1.097719771535e-01 5.412544201953e-02
-4.996822479997e-02 -2.091848456708e-02 -1.356659975726e-02
6.340553588348e-02 -6.247672799807e-02 5.078599891194e-02
-2.432578132241e-01 -6.136854720701e-02 -7.809344186008e-02
3.270270815590e-01 1.937899763674e-01 5.009237423345e-02
3.235178495740e-04 -2.386814573327e-04 2.973415913503e-04
-1.747503229007e-01 8.338115179357e-02 1.124526744734e-02
-5.714660052248e-02 -7.518886219142e-02 8.509649009815e-02
-2.495840576094e-01 -3.158572608200e-01 -1.480790770559e-01
-3.928017071491e-01 -2.010360983463e-02 -1.091915319980e-01
-3.386744137413e-01 -2.205356794691e-01 1.055486063573e-01
Mode 25
-4.297079353618e-03 7.425776184660e-04 9.484343562561e-03
9.264089429870e-03 4.829787783668e-02 7.866807314456e-02
-4.540814425218e-01 -2.678822772226e-01 -6.429176178451e-02
9.128298421252e-02 8.246708570619e-02 2.948549680663e-03
3.717528479926e-02 7.604272460437e-02 -1.345842731003e-02
-4.720583320054e-02 -2.586920967474e-01 8.488655094656e-02
1.143016324105e-01 2.155165892005e-01 -4.486973894369e-02
1.923142976273e-01 1.915876145971e-01 -8.939864682952e-03
-4.996126484216e-04 3.152860311088e-04 -9.038833527673e-05
3.549793213933e-01 -2.032230363045e-01 -7.238969258525e-02
2.151001998013e-01 2.118454414027e-01 -1.311271566330e-01
-8.731992090178e-02 -2.527943609896e-01 6.687524479412e-02
-2.619877378827e-01 1.707947640960e-02 -3.873878811309e-02
-6.981927896461e-02 -2.059187070575e-01 2.143102726655e-02
Mode 26
-2.339282022675e-03 3.226110174414e-03 -1.435635174289e-02
3.452574382278e-01 5.731404369131e-02 1.955936530696e-02
-2.437108129352e-01 -2.733409125104e-01 -4.439788599780e-02
-1.518621855203e-03 1.492639120737e-01 -5.814041763614e-02
4.457228628527e-02 3.085489337786e-02 7.225073436924e-03
-4.600415105429e-02 -9.628184056255e-02 1.566363937550e-02
8.345233973723e-02 1.074963084233e-01 1.001445848124e-03
3.665747395092e-02 7.365384216207e-02 -2.720407911705e-02
1.430428060164e-04 -3.650754464844e-04 -3.012702308143e-04
-3.387301939590e-01 3.112858378746e-01 2.001995929946e-01
-4.458562707935e-01 -3.721058430542e-01 6.009984528011e-02
3.043606712342e-02 -1.242959351921e-01 1.513084557169e-01
-1.422362503115e-01 1.434970505317e-02 1.390821073294e-02
1.064386284947e-01 -9.878869632841e-02 -3.071062370695e-02
Mode 27
2.699722745932e-04 -6.652136316563e-05 2.849050731468e-04
-1.687119508625e-02 -3.851746896163e-03 -3.165945277911e-03
2.849191843618e-02 2.021331768688e-02 8.219997618497e-03
-1.323313501902e-02 -1.047541785239e-02 -3.244886967979e-03
-1.565654393740e-03 -2.981848451253e-02 1.101285905971e-04
3.483204856270e-02 1.085765796415e-01 5.963143409610e-02
-4.255006930642e-02 -2.029813723006e-02 -1.921321504830e-02
-9.527912860253e-02 8.440142493629e-02 1.017370178292e-01
9.191935401281e-05 -1.515326885236e-05 8.403358572423e-05
5.965531746225e-03 -8.693485919525e-03 -6.567991811795e-03
1.457241772227e-02 1.149217044459e-02 6.615792547892e-04
2.388187087228e-01 2.908660893325e-01 1.549334674806e-01
5.171824031870e-03 -1.824621272639e-01 -6.153358180122e-01
1.153173276065e-01 -5.994690498919e-01 -2.745862458255e-02
Mode 28
1.244531871693e-03 -5.675433735376e-04 1.849536445913e-03
-8.957496487035e-02 -1.931054449262e-02 -1.665581435791e-02
1.458979771331e-01 8.730889889843e-02 3.434398575056e-02
-4.715504221777e-02 -3.623858061816e-02 -4.327111437116e-03
-1.821099859393e-02 -6.904892088022e-02 2.637065239660e-02
1.406879884942e-01 2.275220489220e-01 -7.265517455814e-02
-9.688845214276e-02 -8.089484456429e-02 -7.669948094338e-03
-1.157079022389e-01 4.705114280583e-03 -1.233691605444e-01
9.930833177429e-06 6.465470579666e-05 1.148213565732e-04
3.560283325754e-02 -4.852530276680e-02 -3.624265789054e-02
7.493560678767e-02 6.128892194448e-02 -1.837830157898e-04
1.294500109501e-01 -3.297384580944e-01 5.020881866843e-01
-3.829307324900e-01 5.147503263637e-02 2.218505705555e-01
4.647201286746e-01 -5.647983904608e-02 -1.444996074972e-01
Mode 29
1.889985811895e-03 -3.069222657174e-03 6.137841805678e-03
1.786398092284e-01 -4.960228579952e-02 8.306822221825e-02
-5.007980640533e-01 4.240855282722e-01 -3.878669447179e-01
1.596598108912e-01 -3.753242208184e-01 2.257434045305e-01
6.004500632353e-03 -3.490768847214e-02 1.550160573124e-02
3.163326542013e-01 1.087980579440e-01 8.605290288072e-02
-5.608499427474e-02 7.693131013439e-03 -2.688383255868e-02
-1.036920045675e-01 -5.264469828944e-02 -2.150975970912e-02
1.092003408872e-04 -6.699760715039e-05 2.823518611360e-04
-9.383737766393e-02 4.869177621540e-02 -5.838494405369e-02
4.091003127559e-02 -3.037970625168e-02 4.423238428084e-02
-1.438988872986e-02 1.028916206570e-02 -6.806989151786e-03
3.356595342918e-02 -5.189830142922e-03 1.873909909940e-02
-1.051324217310e-02 1.826091903690e-02 -1.027204751895e-02
Mode 30
-1.274392656518e-04 2.645050541093e-03 -2.999615047775e-03
-1.350416983738e-02 4.165822376520e-02 -1.490355190711e-02
5.490371998562e-02 -2.662413343698e-01 1.323567123824e-01
-6.997783740969e-02 1.420919293445e-01 -8.998604590542e-02
-6.292334798424e-02 -1.797945085480e-03 -2.513838726905e-02
6.855856800182e-01 -7.128458634081e-02 3.175442745411e-01
-3.834710227949e-01 1.742501613913e-01 -2.352981922480e-01
-1.655064519450e-01 -5.620462579848e-02 -4.715252980293e-02
-3.420140802444e-04 -6.991172083368e-05 -5.378990379716e-04
5.385829369695e-02 -1.031414204817e-02 3.673037469448e-02
-3.380558996795e-02 -2.174838921320e-03 -2.520380254466e-02
-4.582395392797e-02 1.565795015219e-02 -4.048321480735e-02
1.027750861633e-01 4.255213643067e-03 3.587342785636e-02
-6.804784515573e-02 2.151911526101e-02 -8.162618805312e-03
Mode 31
-1.146169981119e-05 -2.085941340432e-06 -7.891236396956e-06
-4.037971971222e-04 5.788376845164e-05 3.201108103717e-04
-2.046677674753e-04 -8.231384625419e-04 3.678073807295e-04
-9.962245228227e-04 -3.340878371886e-04 -2.461960920462e-04
4.164841744568e-04 1.326973444315e-03 -4.024886039608e-04
3.640364777208e-03 2.849582161003e-03 2.663126360945e-04
2.009752420880e-03 -2.790243443149e-04 9.348457466202e-04
-1.744613700979e-01 -2.515321026521e-02 -2.967718811095e-02
-1.502964889127e-06 7.572725117858e-07 2.762939644055e-06
5.773155600164e-04 1.116023484240e-03 -3.983841033891e-04
9.789558062382e-04 -1.484720631063e-03 -6.614785092732e-04
4.922591498832e-01 -3.067383200052e-01 -3.420411543073e-01
-3.335463940877e-02 3.983913355852e-01 -1.267983442453e-01
1.257268609964e-01 -1.468206481845e-02 5.680538885091e-01
Mode 32
6.099801394552e-04 -6.434613588925e-04 1.758956999052e-03
-2.033807607377e-01 -1.647083110011e-02 1.045379918025e-01
4.688590255302e-03 3.897913997114e-05 2.868841965026e-03
3.328550608667e-04 -8.843040350212e-04 7.685804608692e-04
-6.306892286275e-04 1.061743889461e-05 -5.330074131837e-05
-3.088947111926e-04 3.603367159544e-04 -2.105543288958e-04
8.963575981957e-04 2.084440792867e-04 -4.140705436814e-05
4.690522291422e-04 1.561054800350e-06 1.404216396898e-04
1.297212318921e-04 1.109939531411e-04 -1.679055192656e-04
3.243096685053e-01 5.960669660286e-01 -1.679409942299e-01
3.551222394688e-01 -5.363142615196e-01 -2.120669673750e-01
-1.340573719519e-03 7.227856063148e-04 8.345979936140e-04
4.044500747763e-05 -4.775849598302e-04 1.549688216741e-04
-3.902970344097e-04 3.040367640715e-06 -1.418594857670e-03
Mode 33
8.324661352421e-06 -4.180723195719e-06 8.011195187153e-07
-6.389411503229e-06 -2.030555977227e-04 -2.172518813762e-05
-1.106844603433e-04 -9.158745104815e-05 1.443359086644e-04
2.032347136264e-05 1.576078581162e-04 6.100333482970e-05
8.948146594055e-05 -1.685969292001e-04 -4.503526566379e-04
-1.750017744382e-03 -2.632068525470e-04 7.347618531597e-04
-2.033535214335e-04 2.445727255153e-04 8.341310505357e-04
-9.061387703878e-02 1.037245823469e-01 2.729270976404e-01
-3.116606902570e-06 2.280809940192e-06 -1.511157456648e-06
2.682761286385e-04 4.208830709457e-04 -1.341422072900e-04
-2.335364496359e-04 3.425888260519e-04 1.408519642275e-04
4.823722223916e-01 -2.962166747325e-01 -3.166035966554e-01
2.365881900660e-03 -8.764002517698e-02 4.008359023879e-02
-1.653330386991e-01 2.626747379929e-02 -6.697407561134e-01
Mode 34
3.635805029183e-04 -7.690385944088e-04 -1.122011963259e-03
-1.452740426774e-02 3.144658488221e-01 1.789422388094e-02
-6.808992735189e-04 3.814043550685e-03 -1.148630647064e-03
3.940471716966e-04 -2.717535074922e-04 5.231375724498e-04
2.730094481958e-04 -5.195935022258e-04 6.783215661162e-04
-9.986513286948e-04 2.442818848464e-04 -4.993742472143e-04
-2.356539185651e-04 -5.457158352223e-04 -4.364928335406e-04
9.022440521758e-05 -2.619368058516e-05 2.822888707600e-04
2.483606245917e-05 -1.174688190483e-04 1.219348069789e-04
-3.148507481659e-01 -5.563421457366e-01 1.644088884407e-01
3.665747037641e-01 -5.315371463176e-01 -2.190229523038e-01
6.915549498392e-05 -7.600904542685e-05 -3.196589776538e-06
-7.932889576800e-05 1.779327618857e-05 -1.269758866597e-06
-1.740164461629e-04 1.050497470560e-05 -8.254855960970e-04
Mode 35
-2.344431724033e-06 -7.369121857885e-06 5.634983870272e-06
-2.030621909386e-04 6.140936801659e-05 1.322130076405e-05
7.190491841453e-04 1.545658299990e-04 1.958533295285e-04
-4.058649727741e-04 -6.364320539247e-04 1.320935146145e-04
-7.280133548443e-04 -9.656961030354e-04 2.838410976098e-04
-4.606484168788e-03 1.915087582661e-03 -2.583442314570e-03
9.777177798247e-04 -6.752396628832e-04 4.760502037877e-04
-8.252269156013e-02 2.663027817119e-01 -1.325727883674e-01
7.395782727445e-06 -1.247059882291e-06 8.186097802819e-06
4.942634377249e-05 1.106954211754e-04 -8.706721615730e-06
3.579844155392e-04 -4.211161636559e-04 -1.266208243589e-04
1.685904219125e-01 -9.726978751161e-02 -1.231051857980e-01
5.736742406979e-02 -8.182131946604e-01 2.596382029162e-01
7.318306362053e-02 -1.676381114349e-03 3.257108363644e-01
--
Dipole derivatives 
Mode 0
-1.710017542907e-02 4.115530806623e-03 1.902144917189e-02
Mode 1
-1.289638905930e-02 -5.448716813430e-03 1.231937435826e-02
Mode 2
-1.111797433156e-02 2.546726899702e-02 8.263324076376e-03
Mode 3
-2.387203466606e-02 -5.425220730589e-03 4.196232434531e-02
Mode 4
2.996450474651e-02 -3.396531692673e-02 -3.584365325371e-02
Mode 5
2.274500329149e-02 -3.215465041182e-02 4.403792539903e-02
Mode 6
4.910346967922e-03 3.064386933163e-03 6.504069902936e-02
Mode 7
3.221258608997e-02 8.094703769841e-04 1.783594725728e-02
Mode 8
3.275314228907e-03 -2.437938177833e-02 -1.034514244152e-02
Mode 9
-1.112363626332e-02 6.032253929192e-03 -1.529568726355e-02
Mode 10
-9.459651741771e-03 3.486615961696e-02 -3.733656984071e-02
Mode 11
9.029775773086e-04 -2.786783714841e-03 2.810268371422e-02
Mode 12
-2.015886866135e-02 4.875157934027e-02 1.318288094006e-02
Mode 13
-6.868933968078e-02 -4.519413172022e-02 2.563468274785e-02
Mode 14
-1.305319256853e-01 2.984870563683e-02 6.756067846204e-02
Mode 15
-3.657293037020e-03 -4.317670428234e-03 1.517740626647e-02
Mode 16
-4.449492243166e-02 2.503894196258e-02 1.376429938276e-01
Mode 17
-5.113772786840e-02 -1.716605847363e-02 -1.278518801460e-02
Mode 18
-6.367887707541e-02 -2.574541958670e-02 2.626519898742e-03
Mode 19
-9.776898166397e-03 6.907417563704e-02 -2.145008169527e-02
Mode 20
-1.990417528078e-02 -3.084939133404e-02 -7.172156304458e-02
Mode 21
6.654131458521e-02 2.023688122770e-02 1.312480669175e-02
Mode 22
1.997030427241e-03 9.447504792501e-02 1.071796128451e-01
Mode 23
-4.664922382416e-03 -2.387779440248e-02 -1.774283757613e-01
Mode 24
8.872725565606e-02 -2.427048928463e-02 -8.610187091406e-02
Mode 25
-1.712492329464e-01 -1.255635804358e-02 -3.672457702807e-02
Mode 26
-1.500030512016e-01 -1.030261601315e-01 -8.803582652260e-03
Mode 27
7.979535840151e-03 8.834470541198e-02 -5.553258749769e-02
Mode 28
1.354782307932e-01 1.789962108453e-03 -8.626853886259e-02
Mode 29
6.295645854602e-02 3.557568647810e-02 8.216205060953e-02
Mode 30
2.733632088285e-01 2.444263746473e-02 -2.888767912250e-01
Mode 31
-4.906728749874e-02 -1.376061695494e-02 2.730391906202e-02
Mode 32
7.233336408752e-03 -3.955237868635e-02 2.134989003320e-02
Mode 33
2.232252834882e-02 -3.156470588779e-02 -9.045521818062e-04
Mode 34
-1.418465079413e-02 -5.606371853313e-02 -3.850297773317e-02
Mode 35
1.253614136724e-02 6.748186534572e-03 2.135371978868e-02
--
Polarizability derivatives 
Mode 0
-4.787603112213e-01 -2.985138411924e-01 7.847116553078e-02
-2.985138411924e-01 4.517038596117e-02 4.394873477091e-01
7.847116553078e-02 4.394873477091e-01 8.065684752773e-01
Mode 1
-2.294140589892e-03 -7.322149274702e-02 1.990545011949e-02
-7.322149274702e-02 1.043436404027e-01 -2.440935208066e-01
1.990545011949e-02 -2.440935208066e-01 3.310567034561e-02
Mode 2
-3.522642039772e-01 3.356415992094e-01 2.649210510475e-01
3.356415992094e-01 2.367017074998e-01 7.898092195497e-02
2.649210510475e-01 7.898092195497e-02 3.535136712548e-02
Mode 3
-6.255841638236e-01 -1.189463297886e-01 2.130065608521e-01
-1.189463297886e-01 1.884330862654e-01 -4.749710079379e-01
2.130065608521e-01 -4.749710079379e-01 2.226526422499e-01
Mode 4
8.195124282341e-02 -8.185677508469e-01 -9.326277390097e-01
-8.185677508469e-01 -7.136081373586e-01 -4.782930960944e-01
-9.326277390097e-01 -4.782930960944e-01 -3.656500717924e-01
Mode 5
-4.529652122278e-01 2.351185371491e-01 1.828743145856e-01
2.351185371491e-01 5.703360039749e-01 5.123201946605e-01
1.828743145856e-01 5.123201946605e-01 2.367294478641e-01
Mode 6
-2.345775170422e-02 -5.625378305722e-01 -3.067648882838e-01
-5.625378305722e-01 -2.746686584208e-01 -1.980703178745e-01
-3.067648882838e-01 -1.980703178745e-01 -5.597844361701e-01
Mode 7
2.061451916910e+00 3.970073459961e-01 5.930025778804e-01
3.970073459961e-01 3.840605847202e-01 6.019150343793e-01
5.930025778804e-01 6.019150343793e-01 3.030317993585e-01
Mode 8
-9.196287950929e-01 -2.405663187488e-01 3.286640605277e-01
-2.405663187488e-01 -4.192180682010e-01 2.082231855378e-01
3.286640605277e-01 2.082231855378e-01 -1.482520843671e-01
Mode 9
2.680800632187e-01 3.400837201341e-01 6.757229967599e-01
3.400837201341e-01 -2.105916277100e-01 -1.420524946460e-01
6.757229967599e-01 -1.420524946460e-01 -4.932999391556e-01
Mode 10
-1.765041338171e+00 -2.346178479714e-01 8.454488786568e-01
-2.346178479714e-01 -1.212550171927e+00 1.987346074426e-01
8.454488786568e-01 1.987346074426e-01 -7.414845428781e-01
Mode 11
1.139453867997e+00 -5.694606460781e-02 -3.037964343461e-01
-5.694606460781e-02 -1.293088457608e-02 4.077797642361e-01
-3.037964343461e-01 4.077797642361e-01 1.512201501537e-01
Mode 12
7.555105439444e-01 1.620030212703e+00 1.022663343379e+00
1.620030212703e+00 -6.728981064608e-01 -4.533826767824e-01
1.022663343379e+00 -4.533826767824e-01 -8.592978205160e-01
Mode 13
-7.965116531029e-01 5.601550001291e-01 7.741374155639e-01
5.601550001291e-01 -7.046546708599e-01 -6.424548388498e-01
7.741374155639e-01 -6.424548388498e-01 -4.331385840351e-01
Mode 14
-4.786034825019e-01 3.586553316073e-01 -4.411570298460e-01
3.586553316073e-01 2.265808255102e-01 -2.341670941576e-01
-4.411570298460e-01 -2.341670941576e-01 -2.361186115150e-01
Mode 15
-5.088138549207e-01 6.595785773211e-01 2.971315908551e-01
6.595785773211e-01 -1.406132334144e+00 -3.607591723235e-01
2.971315908551e-01 -3.607591723235e-01 -5.628817292294e-01
Mode 16
7.077934446554e-01 1.379012584890e-01 -4.952421095170e-01
1.379012584890e-01 -5.151508364820e-01 3.313810542504e-01
-4.952421095170e-01 3.313810542504e-01 1.671315977466e+00
Mode 17
3.334882966553e-01 -8.016147068431e-02 -5.274288364957e-01
-8.016147068431e-02 -9.622129936028e-02 -1.401284653007e-01
-5.274288364957e-01 -1.401284653007e-01 -7.234865479670e-01
Mode 18
9.020322553709e-01 1.163000125126e-01 9.168752999046e-02
1.163000125126e-01 6.554805492363e-01 2.143506302771e-01
9.168752999046e-02 2.143506302771e-01 1.638493636745e+00
Mode 19
-2.023416666248e-01 6.884447786903e-02 1.630347499132e-01
6.884447786903e-02 -2.574180369064e-01 -2.476866188249e-01
1.630347499132e-01 -2.476866188249e-01 -1.089622014942e-01
Mode 20
-1.032727766616e+00 1.274580483179e-01 1.326063684456e+00
1.274580483179e-01 4.934806112394e-02 -5.309646392759e-02
1.326063684456e+00 -5.309646392759e-02 -1.804317387663e+00
Mode 21
3.687361043251e-02 1.128282766228e+00 5.872490638326e-01
1.128282766228e+00 -6.944316022946e-01 5.567573427369e-01
5.872490638326e-01 5.567573427369e-01 2.547720863597e+00
Mode 22
-1.580227709877e+00 6.806613937153e-01 1.061700173648e+00
6.806613937153e-01 8.259322928766e-01 -4.649670763298e-01
1.061700173648e+00 -4.649670763298e-01 -1.897128381807e+00
Mode 23
5.936988098320e-01 6.257577884165e-01 6.937939110440e-01
6.257577884165e-01 2.668468402562e-01 -2.764849820743e-01
6.937939110440e-01 -2.764849820743e-01 -1.119523657097e+00
Mode 24
-8.533596166007e-01 3.293623369248e-01 2.031903475495e+00
3.293623369248e-01 1.295864767520e+00 1.375061205839e-01
2.031903475495e+00 1.375061205839e-01 -1.099873978878e+00
Mode 25
-2.289242615521e+00 -2.584423891641e+00 -1.615129903333e+00
-2.584423891641e+00 -2.165575569227e+00 3.443948191941e-01
-1.615129903333e+00 3.443948191941e-01 2.938614745677e+00
Mode 26
-1.136537980766e+00 1.039721945489e+00 -1.591168099659e+00
1.039721945489e+00 1.192820882649e+00 -2.423803514255e-01
-1.591168099659e+00 -2.423803514255e-01 1.526409235784e+00
Mode 27
-3.226613861060e-01 2.416156306661e+00 -1.667352211297e+00
2.416156306661e+00 6.052693635633e-01 3.523804694368e-01
-1.667352211297e+00 3.523804694368e-01 1.510829372527e+00
Mode 28
2.844160761374e+00 -1.582936821642e-01 -1.804252968699e+00
-1.582936821642e-01 -1.751070998171e+00 -1.131620141291e+00
-1.804252968699e+00 -1.131620141291e+00 2.066926486806e+00
Mode 29
3.774339697041e+00 1.845469324944e-01 -1.725653292872e+00
1.845469324944e-01 6.520354270642e-01 9.225617538453e-01
-1.725653292872e+00 9.225617538453e-01 3.720429936625e+00
Mode 30
3.054419165098e+00 7.350166389722e-01 -1.148253585650e+00
7.350166389722e-01 7.243519381335e-01 5.287699658568e-02
-1.148253585650e+00 5.287699658568e-02 8.147597401123e-02
Mode 31
8.313352052076e+00 2.631621928596e-01 -3.185085375238e+00
2.631621928596e-01 6.452747533522e+00 -1.228632628419e+00
-3.185085375238e+00 -1.228632628419e+00 6.292883129781e+00
Mode 32
-4.917342119500e+00 -3.554538282200e+00 -2.011025706291e+00
-3.554538282200e+00 -9.187333972103e+00 -1.204170426446e+00
-2.011025706291e+00 -1.204170426446e+00 -5.505604608290e+00
Mode 33
-3.873416141843e+00 4.335208630082e+00 1.684970655319e+00
4.335208630082e+00 2.330544906931e+00 -5.377607538764e+00
1.684970655319e+00 -5.377607538764e+00 -5.784220995258e-01
Mode 34
4.059299718905e+00 3.666317199548e+00 2.815085906540e+00
3.666317199548e+00 -7.317582554721e-01 5.166816349067e+00
2.815085906540e+00 5.166816349067e+00 5.045945401732e-01
Mode 35
-3.367911140237e-01 -1.386711820532e+00 -4.972609144059e+00
-1.386711820532e+00 2.326931315184e+00 -7.925588745919e-01
-4.972609144059e+00 -7.925588745919e-01 -1.299245710628e+00
--
